0.84755104203405,1.2530044970063952
-2.6941683829891665,-2.486709791273545
-1.451509023773673,-4.617908284339545
-3.729751925544124,0.5643727871526498
-3.3530501289586407,2.716812697245685
-0.5750890992250262,3.0429205547281506
-4.13594053184631,3.608213656631935
-0.5883861596625324,3.33913905396375
-0.08662541863488471,1.3480206784589863
0.23127985221307124,-1.275031149784906
-3.6309161098643874,2.6645150252856715
-2.137410307424247,2.8821867033802873
-1.569333373703599,2.870669723024296
-0.7332564490989645,4.8845869541954725
-3.5276980368113797,-0.48357018307102506
-0.43668780240196003,4.267193905870789
-0.3032122831392927,2.0984314830401294
-0.7801628613775553,-1.519244756382613
1.34315249791663,2.3507521458509997
-4.080563923896796,-3.4420107977090817
0.5965772233097696,-0.5973583432112965
0.48105808123895843,0.8730203635029636
-0.11706242138112222,-1.2293320139993786
2.4631568470721636,3.6551643719365137
-2.3567165724385983,3.2605625110323797
-2.7980473211227137,-0.49779156237917643
1.5384777986916784,-0.5675637706009802
-2.011585571749783,2.240467274682675
-2.4672211931776267,-3.72382174109529
-4.13438498771718,0.5416728988259549
3.123241291573914,0.41805310421428143
2.341136450027858,3.9979901918888134
1.8904346688378182,-0.5307788996526108
-0.8064983455807524,5.051251322180507
-1.4225317150163566,3.9888840299447055
2.1104333894880183,1.092444063112642
0.34727098057411854,3.8159981869897885
0.5962119294526396,-0.27177645578480036
-2.7861018684216434,4.357232697823821
-2.432502753474297,-2.47311823260429
0.9919863413166143,2.7196354299888776
0.03015306150952135,3.149762848309276
-0.20946699320546092,0.37838167765027936
-1.4437174433555064,4.289969177787871
1.695857668981628,0.5590737715185479
-2.9829445877352994,2.2373856331414075
3.6766497667729165,1.4003159707092077
-0.6778476285350292,-2.3413860826472677
3.1115468269863626,1.840442761510745
0.4803309530759099,5.549475312440418
2.692001393985223,2.085150926304067
-1.0771692540118007,1.3942040573087593
-3.040061545721858,1.9025321010221439
-2.2385637746118574,1.8548392440553392
-3.548295387733252,-2.2527132581322564
1.8997082621100518,-0.03098096566898234
1.0699395893576988,3.80175788372913
2.2126097226234878,0.2886619265313785
-0.45416974355562,1.803960522721305
-1.041300734087509,3.1566068519599155
-0.6151181221125717,-0.27706753344184243
1.418884162766435,2.3871682072302436
0.7034016926744334,-1.7147643827545336
-2.272005967417461,3.175656837352408
4.676668050694939,-0.6204965228505075
-2.1163708930908234,0.5921680754704806
1.0185174281498206,2.0493073316137527
-1.991476651910805,1.4439755381206947
2.59898128323284,2.082780480877263
0.009350329210910058,-1.0909680465983205
0.07853627079129488,-1.4822486912642843
1.7367025021160518,1.82017304410044
1.9680618242773917,0.5429087830410799
0.7937399968281014,4.101206017133794
-1.7396535624159948,2.4769705593841485
-1.836098095099155,1.6411353765204524
-2.078545441217525,2.934873497377789
-1.6537173217940326,2.266745213769582
0.7294341082806006,1.1001009869895593
2.700444605949448,0.8669639137897472
-1.7837380106297631,-3.197107276512768
2.426336620428028,1.4610108372361306
-3.320773476812973,-0.6372542217686852
-0.5874045596305051,-2.385016144321048
0.04503146328348029,3.158321166550126
-3.683723844757389,5.5757105826660744
2.430475008603125,4.252983729286218
-0.6624139720042854,6.399149007187426
-3.001116023888899,-2.0248963026665336
-4.9397860833779115,1.1591947698277447
-0.7730051240227259,1.1177194450256465
-2.98307119307196,-2.6455852178867607
-1.8257148508057774,3.723682461861511
-3.5898423792550975,2.790762174805725
-3.484297617030601,5.0187924788104965
1.2966482848679277,0.23186241214811432
-0.6654462092468252,0.9898303917135625
0.10657866918521863,-1.7692007132154224
-1.346396730957672,2.9405797066085184
-0.9804369294692,3.5867616481863616
-2.214781792256807,3.884912744073175
2.3132137009335687,1.7282124702531774
-2.4532751843907876,-4.318747307659944
-0.9262317104981859,2.252630295075564
-0.6564624483813841,-2.8380999703088454
0.6211632748633904,-0.9968693776512079
-3.9988295069569615,-4.006651036078209
-2.4593417046246193,1.17547938843729
2.0525087456516173,4.5642199691633
2.6963725310269213,2.625407693389646
-1.224202485448821,-0.44286178965085155
-1.178850096503412,1.7098097993866777
-0.6071429628937645,4.15725332425883
1.5409621090122696,1.7190315902399032
-2.594493109738503,2.3771038647270033
1.4195912196527583,3.1066068735951435
-2.1147954001976412,0.5858302864565599
-1.5260259296535126,3.5004359447095035
-0.9892241018845287,0.6371979839613151
-3.666086780079708,4.898467524015835
-1.6350900712580232,-1.5623476930022469
2.2567990954520805,1.0588261369975238
0.2618625818757345,-3.561563939090971
0.41599979718569036,-0.13873717046482448
1.898367643981234,-0.025864544001481526
-1.47152064368376,2.4257973734637712
-0.6603705676241889,-0.1567002354915461
-2.4520438157704896,1.1468756522408514
-1.1777381427678852,2.622759466430339
0.3442504354161401,0.11481772753700636
-2.4102899526583976,-1.0197233307626568
-2.3590980340074936,3.4279944613242748
-4.825199504342849,-3.9833983280863365
1.292843952897456,-1.2245733944614654
-6.040342869934898,-0.4267726000990917
0.5966405262340511,3.165235119774411
-1.7667610161935983,-2.280573495868698
-0.21030524934437378,1.7366062065518106
-1.4139993638352917,-0.20898559098970404
-1.745438984068407,3.982935840653833
0.46139298194709477,1.1632751475152596
-0.36293509554318976,3.8770201461254628
-1.6021855040072919,-4.629285466967723
0.13238088759726674,-0.30713806298381363
-3.7044858587009366,1.202705498323189
2.698650706015969,0.10291560693045787
-0.8672925936038425,0.3556451519441226
-0.0870301446964824,3.8662369186035024
4.621737337135765,-0.5590704391498547
-3.1339509038168774,5.312178849990873
-4.571954924997145,3.505742867069828
-3.8970798706832985,-0.9945352327242023
-0.9996778373231199,-0.3071116292484397
0.9614749348567058,3.832185387489658
1.4457138664665061,2.3656213877296937
0.31429731898977664,0.2717801776144487
0.8782224085148135,-0.6968124551574966
3.8426523903575083,0.3398630822712658
-2.021410593149689,-2.0193986687391665
-1.7312213678951784,0.6628680268520029
-0.6206082546742078,1.2433737806598453
1.460164689237166,3.6910304014690807
3.1291299611185326,1.7794449461266235
-1.2668310617059793,1.5008699346270686
-2.169462503815394,2.8299380060025383
1.1895579772556992,4.987934742925459
-3.0978435820307912,4.26061709461704
0.6916649578049138,2.0429745983113694
3.859415221120356,0.21839684584765212
0.16426555302121137,3.120048575786874
1.3800046888935047,2.811867113517258
1.1030104187809386,2.4987289091896603
1.5573553918574008,1.8691341129535206
-3.5700993074734826,-3.215729225638977
-1.681794401395889,3.1423116219170466
6.010284863551287,2.2713132723340848
-1.9197069919339056,-2.757445811040348
-2.5532038974994893,2.2025339846980745
-2.344195623587419,-2.7236294653940467
-2.8192633388514614,1.2975482785868129
-4.82351917761517,-1.1011520602805116
1.0335415805688162,-0.7693945878801771
2.719228563094438,-0.09661195042812487
-1.1484794686297861,-1.4545351895937562
2.40154732295599,1.0106411072358183
0.3980280124496607,1.4478489080719585
-2.4463539834766634,0.19195660489124844
1.0654418460276003,2.2401161831630048
-1.7681422873747632,3.621800271720799
0.1226703121960494,0.8721859420937024
-4.52880746327647,4.3627037807595
0.7255237607542634,1.1579016447494979
-1.7701202746988582,-3.5315920444053326
0.01981224254324676,8.48338307444158
-4.101962541684623,2.1254898404366416
-0.80482694147369,0.951268782030199
-1.5746886239822038,-3.9407032425607387
-0.6754072285393149,2.4934562816882107
-1.6553192052599204,5.482703115222904
0.6854061924409466,0.940025811218674
-1.120841460920131,1.5736815919232625
2.360027575246152,2.6448982414807425
-3.587151768034511,5.0681039054497905
-0.4929878981390521,3.282261908052752
-1.1747075580850161,1.7131665321168146
0.4742669979323708,5.117999473257751
2.0113608322818672,-0.25363592402374247
0.05870774349108998,1.525455925573636
-1.0410509229059135,0.7060281106212658
-2.0207709229431545,-0.1463550840718364
2.414893107810877,0.12655077029203554
0.037998458978022454,0.9430649266227307
2.9014028646900916,-0.27338689910250347
-0.3898158795667739,-0.16563452852719962
-3.1204036931595196,-4.176724822528124
2.2355334192066203,1.9604828160962025
-3.6854729679577742,-0.48430359798342915
1.651271241644326,2.681393279632039
0.42526784754758074,1.877734132636815
-4.490146821494315,0.0004945543348808812
-4.60258510191761,0.2302926012081361
-0.25412470758284544,-3.2894363844636385
-2.4792496530492794,3.267832865978005
-3.224191631893679,2.649915333635184
-1.4436279771638785,0.9112873639372481
-0.3664337008316785,2.5926169648102464
-1.1879958793564347,-2.6029710141633737
2.4593859680017656,-1.0950122325745841
-1.9119971087221828,2.3490579283494837
0.46602944667547197,4.7386458813157315
-3.113165679420305,2.5257823661455197
2.55930200455745,3.5907022618665523
0.15863305751878354,0.957481722420088
-1.66522315189835,-0.9201785611938864
-2.2774228014246707,4.563236794294823
-2.6440852184183927,4.081078759041661
0.7095459850726371,-0.37418533366114826
-0.6463305094303831,4.466159158436356
3.1971358473093607,0.6489811883543699
-3.022264400771699,1.1740805026529135
-1.3905330035077172,1.218120905696025
0.622219000224324,-0.719318881748966
0.2574375329419758,-1.5414296592142915
-3.133156831361127,-1.904387536444939
1.223471576332186,0.26049650588238515
2.0310212736212385,-0.9789114858985819
-0.8130049255220246,-1.3752627591401292
-2.3148205991508455,3.7677043285678433
0.9536250508666093,2.110628679099233
1.4141341890337025,2.8571964727409767
-3.487986490593295,1.884540219273302
-1.9404621734322445,-0.46581231538475754
2.1427838591764465,2.137225890578048
1.985304794940906,0.8130236504932964
-4.138586851175264,-1.033028295755961
1.3641939468798459,0.15896294680201212
2.012116005703982,3.4071446240193186
0.30547006125068776,-2.848322918712687
-2.147617989195692,2.010422457145089
-2.424376254582583,-2.6262640893071807
-1.7772395553155258,-1.994378055748561
0.5657332611943553,-0.1514664718335208
2.813445561699666,0.9344499510484742
0.6782433583239784,3.681372715418194
1.4993130066975195,-0.12453526496545542
0.42210432450464097,-1.030371100239373
-1.747361956541453,-2.209102545788373
-2.4636615730189426,1.552948562961732
0.35141313667186036,0.5685933927853606
-1.9104530475666952,2.588067523385472
1.759413507531515,-0.16846385787447504
-4.1833475526868735,3.2595915455986413
-0.308578871318961,3.095868746729331
-0.18847558678624976,3.7117825086635623
-2.5335455415166677,-0.8002441521485499
-0.9813800612805279,-3.757610534808628
-4.08616629050395,-0.9491367369487118
0.7029223015580646,-0.6828156490149682
-0.4638761229616497,-0.3100894923142752
1.7453854880312796,1.74824869601267
-0.5988217814953432,3.7071106749423746
0.12752635378458033,5.989969277174465
-0.06018357183973633,2.8515423791606596
0.3549405830772905,2.9613382602444527
-3.1545939210826837,-2.4353108313100416
-1.082267118672093,3.239954695727117
-1.4935913808364358,-1.1481542600570496
-0.8808229424293978,2.6422623063490067
-1.4808046086594802,2.827097047538981
0.0443416438458939,1.3298296624419783
-0.16390558062125393,0.3064428880568073
-0.04290285005550776,2.595042469474188
2.4481935591691912,-0.5660260612605348
-1.3423743097403107,-1.7282068415640872
-2.9985989469825274,-2.8972485567231665
1.2905217285816644,4.4959389841279
0.25326465853788394,0.8175415848965311
-0.3312714853132761,1.7702365587286062
0.9573689381453746,-1.0854080025291677
1.200087263647281,-0.8413597557184191
2.6374673756847993,-0.6921748336810811
0.6578152728480922,0.09347562018831068
3.922676103477278,1.9144105406063954
-1.1060731459430402,2.5552406131893814
1.7762386500578113,-2.208122727569759
-0.6480561594307966,2.126315443166857
-2.9375219281358236,2.5232061844191955
-1.1570980978200933,1.4564219999076427
-0.8291322814025088,-1.9540559272001785
-2.036237257747291,-1.5426603199402777
-0.6032822392843632,1.9490723572851982
-3.7824452102908177,1.77604425934945
2.6300881743504756,1.8122153591831773
-1.8264201784539758,0.7445401923541584
2.3498523390344914,-1.90032918822122
0.18574173473168432,1.4185495038350733
-3.0177332799267766,3.6431876270821473
-1.1121442708136269,1.4069911937521222
-3.174476528602592,1.6731703181719682
3.1611238319503614,-0.1118125729748376
-0.8589283836035397,-0.08772348252605067
-0.9974482050401434,-1.3976379107537247
-0.40035864103933694,3.472389487819851
1.897400302998871,0.37381930892286563
-1.9803007889123387,-0.42274560027636143
1.409150646683348,0.5504926116903377
2.4271796384350997,-0.009879802646534763
1.537457598357508,1.4846864433375901
-5.186782269170964,0.4806516744522731
0.5691496323415371,2.475084915576704
-2.562052772110542,1.2266517080912505
-1.6832720552791902,5.441938959607802
0.9793861051409647,-2.8609308419211574
-0.4316186707205191,0.835677670391515
-1.0317790765496153,0.7738227922340705
-5.190933548283882,2.0495474344574864
-1.6301351914836535,1.6189173318835568
-0.43946389440869194,-0.23521934736016625
-2.71987735152405,2.562066048633649
1.3634393390143975,-0.9118431417744937
-2.539714532719798,3.6891162514102414
-0.1947603685989372,-5.1741182265950085
-4.731968530701799,0.1800335892509901
-4.295910957333606,0.03698055075816953
-1.9276392254201806,2.2211935641509837
-1.1631100081643013,0.5086293568372915
-1.807590000153468,-2.340007882511803
1.7961515475294099,-1.975205226961052
-0.5161213481424283,-4.2923734375382425
1.8583249992654376,2.8049852306065475
1.983641864435876,-0.039525816048174844
1.6047398120798588,-1.8702011050199432
-1.4727980890145551,2.8352432173270583
-0.7841116778620473,2.88027691342267
-1.6798435558745672,-0.5899964020645134
0.23365338118393242,3.659453830806262
-2.1318956382665295,5.029187445985806
2.6455018189661432,-1.1026093768042076
-3.020498133722355,-2.8605283104855106
1.262097325078778,3.0344048789557854
0.16463262601822204,3.7305318187104097
-3.0787544335150243,2.807130300668538
-2.758900216111899,2.141223519884849
-0.22109714837941707,5.085734395278652
2.1433394323050017,-0.874381962015607
-2.1431549942829493,2.614997804366797
-1.419460828646502,-1.7525013472381177
-0.40354586590654984,1.6669267101119765
-0.5524651721118001,3.5840073990187644
1.1476074368641092,1.642781640031326
-2.873527677809423,-3.2314899660862535
-1.4478858261345184,2.005691208104112
0.41420948916519196,0.6630489121568406
-2.4934350677718635,0.19601863227230476
-4.593520540572162,3.93829705571739
-1.6041633565704185,2.787284952782236
1.297945004958673,2.024664385934077
-2.0526636430828846,3.167850784203723
-1.0334770768438601,2.1392941703985504
0.32589178261371465,-2.830856392629562
-0.30757823277967167,0.9679785122981044
0.8070014276326765,1.0197307122054575
-1.0879534649046014,3.775286579597635
0.7591485873671697,-0.045902808750317714
0.257369644649712,0.6297836316604983
0.8947637451943005,0.7847607704725212
-6.109218121757738,-2.1454751777595025
-2.6898294334779713,3.9561504035386585
-3.037563133125821,-0.30581923616677287
-1.7553982222160163,3.248815988115959
-2.567565206280573,0.439499409951305
-1.4651772536572594,1.724291989598929
-1.6633127585414924,-0.7295866845476286
1.8954220735058205,3.3117584049009303
-1.3239113060240468,-1.7867786924404734
-2.285797256334005,1.3509389285445188
-4.132866999367172,-3.160427937895663
-1.7727963692835613,3.0526663842010024
-2.3462148575049824,3.414674484412269
3.1609094269641704,0.693228627297383
-0.2580755306308261,-2.6381279714410915
2.67845308567146,0.3520431102370789
2.6360720226436642,-2.7247520583296083
-1.6934029939470265,0.482549505553886
0.6605543147596904,-0.05688637654721174
-0.9605237205722972,-1.7010994172877294
-0.6563392582726308,1.0876686715655377
-0.8684118510369814,3.216013800684463
-2.6569021356266562,0.45950984086079716
3.8348869692253684,-1.4782012821401174
-4.98637117498043,1.5548841332007426
-5.040988927288307,2.8577689815902096
-0.21267660191947102,1.836141474880093
-0.47092082789454315,2.590822032192935
-1.414224230670353,0.06468067912025655
-1.287399626641696,-3.152648597712983
-0.33772308792079647,3.945060712013533
-4.175155699422112,-3.230757909369097
-0.8607744692863258,4.2095851852975334
-1.9962518032989336,1.8640142781640425
-0.6221886845585682,2.255774812760696
1.2062219980882154,0.2714001260885298
-2.1130180626693784,-2.879170034683432
0.019793613897164608,3.47496476482781
2.407310932375891,0.2630940483191797
1.464081780196449,1.926880511049026
-0.7450891019521337,2.352405138396777
-4.125229417298268,1.8601071496540744
-0.45082771317836023,1.1647818502897143
-2.0229498640184325,0.4320150014306998
-2.839820832495939,0.049988282295585496
-0.5647405998888491,1.5964597284272772
1.4647460927856712,-0.6544742694343371
-2.2250222634877517,3.397441049854403
1.231418110936594,-0.9609125784468415
-3.790473166902236,2.9839673106136386
-2.1975451291322536,1.0656430996205744
4.483085538191411,3.2249621688470262
-2.577919548465904,-2.6211941769764717
1.797648889538189,0.5165937410085142
-1.8925466843523213,-1.8385802357899679
-1.6565199015523204,-3.9791557417132486
-1.9654996912556064,1.9516502730826921
0.40566432044987655,1.270467758870069
0.6489618065129454,1.234756971809968
2.8993927100780503,2.0101891012107087
1.726510481465052,-2.8603360373632656
-1.9415403945648761,2.5321811762591486
1.4114548358148584,-0.09926650591028263
-0.9283497764326483,-0.41251379351753803
1.0077785415671074,1.730982176070294
-3.489881097898186,2.7628746872463927
-1.6368064223321424,3.978688983991034
2.3852463024537487,2.3268654327738734
-0.7245481962438971,0.5922480162911578
-2.7321419394465383,0.11604383769376714
-0.8331648855493345,-1.3031218313218378
-3.3401360356853744,1.860854544598038
-0.4115693850096309,4.664999969883139
2.8175994081475064,-0.273404578311385
-5.614660297019434,1.1677043764580621
-3.6854831487452264,-1.1401294675663887
-2.0785951486434735,2.842119345436216
-3.321148748816596,2.4881918639970726
-1.4569708658182532,3.518125903838444
1.4549545389065692,-1.392708671957453
-0.9909804241538058,0.7905984102442719
1.572407098436279,1.3636091562703432
-0.9932094275538277,3.9776023329901813
-2.38391339339793,1.8095203215476316
-0.264095104247831,2.131303073407188
1.6235788774681565,0.5165683545577193
-1.867245094937554,1.3365068687417427
0.06686821463940174,-2.920152318606999
-2.495196671062989,2.1031671828003278
-3.747971189688829,-1.4904182587067085
1.5218483320777807,0.35843505209410037
-2.3816571002605857,4.28506030416651
-0.38292411813023186,-2.4668973614579315
0.2748096350805951,0.8332155169428923
-1.8142098450257964,-1.3253559819705607
-2.84797268812394,-0.49051903922745055
1.948682460925394,-0.31402687489151127
3.69894543541385,3.060984812665987
2.446790775068575,-0.22384586082425573
0.2766309986459452,0.2852120316750195
-2.042994219475961,-2.1002205086477894
3.143636743358142,0.9735821701340392
1.1637380567668123,1.816928755205752
0.5009419033706162,1.9781879325155762
1.876041491375565,-0.6488955101462648
3.1937845341143483,-0.020162154350107486
0.28652576406394104,3.4845246720512013
0.9678198396921055,5.150960138046866
-0.3954456100053201,2.7364989910810573
-2.850668556765041,-1.3299710361409072
-1.076071748336135,0.9512739301667401
1.4441804392418367,1.3624435538948907
-1.5473995925663833,3.474186988129531
-4.682376943050441,3.937139595022333
1.728102373584056,0.6108395063549119
0.5837252966997597,2.117372716177906
0.11845716708069531,0.5919297251603823
-2.1380837218240303,-1.0518036397328787
1.9045976145341699,3.406207164006049
-1.7091994991913841,0.458270845913037
-0.7058877098602809,1.4364047602180758
1.878213179601094,0.3967363236306927
-0.3134139248521566,0.7947309370440809
-3.5082668116649987,3.055931046683849
-2.7747250945796567,3.8730006220318027
-0.8259157178013314,2.3075819699926132
-1.4939502610182864,-2.075757056295502
-2.6809550253808254,3.025791806275333
0.5614896928476577,-1.2048659337010532
-1.0410507022011455,0.657283925533021
1.7198331284732136,1.6973743373860113
-4.10367236881526,-0.9446525289419534
-2.1232208881303634,-1.0417818319238477
-2.9273448967020417,-1.881018156014742
2.9796003811428124,-2.0461583244524517
-2.1135786166560764,0.627803917293897
-1.7323374693969489,0.6169335298891272
-3.4487380265117373,-4.091559786407284
0.10134360294250211,0.0151175888374816
-1.6874141871894877,4.190785669848259
-2.8765817075395934,2.385421554856925
-4.7358570271361975,-0.2710412457857263
-1.0022602541621675,-2.907733041824186
-1.2078520438024083,2.14832856177058
-2.8812667875588054,-1.465328706454678
0.5975837031494131,2.5061716284537363
2.781229972165893,3.4560758658874153
-3.1320192892822836,2.833305794252486
0.10357647912392542,4.407634298730395
-1.2770068149370812,2.7167895884966002
1.3735934915980588,-0.7539306520465276
-2.315503099322503,-0.6033919780234955
2.902816318974799,3.0765782443222482
-1.4606570855999752,4.337711733910546
-1.4511616439377812,-1.1719066300388383
-2.7450383602634707,2.9995776922631823
-3.4769560577589336,1.189621822742534
-1.5525382111674346,2.075982004486738
0.4343235093484843,-0.5424777804555887
-0.9636764035636562,2.0534145955672027
-1.673014009370674,-0.16753136082676257
-1.1316115140055656,0.8326110655122227
-1.6116772827019403,1.5234753464450068
-5.027352562219388,3.3376788588660573
0.6203438896372861,3.1974125029490237
1.8823547115146746,0.2633001119689232
0.24707491605465548,-2.1153722458145587
-1.7973366559455,-4.0670494160479365
-2.1755383009954503,-1.1330247316567674
-1.4972178372402873,3.8728005815566826
-2.7944416255712317,2.61558916330512
-1.6761965600528121,2.048293078980537
-1.1176426789763432,5.85668548415852
-0.055421540001725944,1.6210280951798786
-1.2256631538763436,3.842739669199398
-1.017705829517928,0.8971463589830543
2.5413192015833714,2.258207493681211
-0.37702001139701025,3.2239581527049603
-3.3299578058644186,-1.438762115293824
2.8546432509950574,0.3713648329290116
2.527446575836459,-0.7912970810842186
1.69026210720091,0.6891857386386229
-2.6880302153822777,5.410462412567407
-0.6514669798839393,0.5671635591393116
2.186669917741355,2.75430383616907
-0.047552622242929665,2.493923049843583
-3.2495998405133486,-1.3568303422787906
-1.7595036260684311,-4.337649050478632
4.085684380431794,1.838412225867831
-0.33997816791686697,-3.1187975156716155
-2.088522501454509,-0.2814429678106585
4.339051350243015,0.6448462331398125
-2.4258699692754386,2.7444983783489496
-0.21607824639340012,3.5454626280118484
-1.3409215166140616,0.5090134162613191
1.0678001171729041,2.4720412855852185
0.3287585821426906,1.053704417176134
-1.510878194036029,-2.6540410964738252
-0.2558641398104791,4.167603529143036
1.3514321794883237,0.6015092442710754
-3.0043387440270317,0.6546399590126089
0.6923049069506577,3.3234572288642443
0.9878533992015941,1.6682642888761632
-3.351424827617201,-1.0135680588692972
3.645499229012473,0.7030930758118824
-3.1639841387576664,2.9812366262579535
-1.1152765487620993,-0.6052012035426895
3.3501818615999244,0.6234566676313582
-2.7218791953095796,2.9126181154842934
1.8266259362130501,3.705052103150378
-2.169136724533351,-4.555474278256772
-0.21066587865320419,5.011340688158451
-2.7477058468802924,2.6902004901048318
1.5080161123398583,-0.6999753968101758
-0.2597407321533449,0.9266148521721196
2.9482735672552796,-0.17307369309990095
-1.174236270392805,-2.52835253695377
-1.274023417987334,-0.1586940307851541
-1.1497445367727592,6.784539588343925
-2.840305105899638,-1.7283509505244365
-0.21723605796825407,1.6649214455685157
0.8718175778470905,4.2849889165118515
0.4675165391386795,0.857989363808564
0.4337886336487453,1.3402046562673886
-1.8483092344915302,3.0289737228324594
-0.26663333282363255,2.126662417835022
-3.3762780204398646,4.558037019584661
-0.1256067898040003,1.5087304803462014
-6.400606899301163,5.633470733535724
0.02442484264740985,1.504059800339505
2.40163730042773,0.3337611102972
-4.1539283418331765,1.7754064353206789
0.6724072784279175,1.0279324643335404
-3.1951597390955015,0.5175520327103955
2.170983422230189,2.891059274686086
-0.4966048434253967,3.1025752295919293
-3.019968848305157,-0.28050808132145666
-1.8058389277318536,2.212792618562845
-2.4122617479248674,0.9099759023384908
-2.1203402109826532,-0.40908005495800204
0.9437171590870819,2.6473217145859085
1.601011973460372,3.008646253004261
-3.553549792917624,2.676729775863417
1.6647630334561736,0.9642817846327237
-2.4680520724423776,3.012003918204193
-2.924381167665735,-2.8843212898433723
-0.39640087434007754,3.5131003105131184
0.86073130651337,-0.872136278581197
1.2288234281831443,1.194518488330632
-0.5706573991641068,2.220856117542062
-3.3124215170017237,-1.3569095434031782
-2.314565277820662,-1.8439623483328
-1.131173214019586,-4.4193699578184695
-2.981164861833303,-4.174024523255118
-1.8997959654380414,-0.9753829421347464
-2.578208221502247,2.257944411455435
-1.4128260169613007,2.900396704388634
0.6922097578048798,1.6513238850711587
-2.0870309313541098,1.4805704110113396
-0.23733185256313294,0.05972560541539629
-3.582044720235632,-4.546317885781439
0.15371785567966345,0.10987214270272944
3.6267709417491876,1.4532384634003797
-1.0649426624517377,1.964784436471248
-2.338924115069475,-0.8655454279868247
0.05926097614492509,-0.010379034232236073
0.7168654436495653,1.5262258037034677
-3.0133524137752983,2.7251399694210567
0.3681811207690677,3.619841236609694
-0.9092076052350029,2.5084661380299833
0.29315518453021516,-0.02734521453767691
-0.5722941203026712,-0.7484139635603937
-2.608185353232948,0.7236009188330825
-2.910439276902033,3.52254678087962
1.220153882989504,2.4486753731424122
-2.5362654904004205,0.2725685383667569
-1.1779059113069168,-0.4009775071084227
0.503372764510127,-0.7040352493375044
1.7742316847092097,0.42165689228347325
0.3560074997796358,1.6723053925087228
0.34237538887955243,0.9129207712835526
-2.3498497569183523,3.773038468661029
2.1007615991679778,0.11324283392208212
3.718691614152215,0.7654628566215076
-0.05823330632801249,-0.07876860426407806
0.654696294057903,0.11830866125699813
-0.18623495216538222,2.127981494908913
2.2436552513506567,2.162142648137039
2.2575718416392405,0.2873828261177306
0.786060623080483,-0.21116794454605992
1.5056704881590202,-0.4237916620859479
1.9418610200137032,-0.8178687743088133
-2.6053374060740007,-0.32503817293641224
-2.1159154884255527,-1.7127107791780032
-0.2658313004637125,-0.27369962926302693
1.3844590280834947,-2.608290718642273
0.4810637301802876,1.9876724324168507
0.8296912562624204,0.7428065100992144
-2.3156271258938115,4.243267519610377
-1.5600540115353336,2.2749757033605604
-2.9111060634166077,2.2204254460218125
-1.7938799355962796,-0.19668162733892203
-0.5201547013569152,-1.35513665436322
-0.3017332391460431,3.9874500370966777
1.4287289122568447,1.3389483420503943
-0.22954760705249733,-0.8062690025923436
-2.300900005213865,-2.7043544829039146
-1.0483598388015574,-1.980900422652451
0.9871512479283739,-0.8761946684912414
1.6688530854921386,2.6834889419681494
-1.1871345225935235,1.9153394691064844
2.4641146776097065,1.2803428318803658
-1.5131054423106558,2.618844010603675
-2.6093064756661644,-2.1494513135643856
1.7815474034506535,-0.7645240324743932
-0.3131505769678032,1.6327587114199453
-0.9946878544148388,3.310362123681305
-4.398831917631236,-1.155017950964325
-1.7593668144928745,3.477180212820073
-1.082339672814294,-2.147409884348467
-1.1544831622013252,-2.1473261926409224
-2.8922227237668374,-1.114635151349518
-0.2309314234028328,2.877358326920581
0.3990060944835923,-0.5880118876577751
0.4398509784362026,-0.10742599542091114
0.5268066550159316,1.7250377439208537
3.115548650715808,1.876963980825341
-0.3672262471397576,-0.5874749333671114
2.07651956489997,2.9661525577072556
1.626265937302203,0.8475625902192234
-3.6099409485250566,0.2124221845383638
-1.308708496949205,3.149814577172566
-3.6286253324124758,1.471228123568129
-1.7306874998948114,-2.782155810478
-1.2591047826276744,0.2090776700824124
-0.582483269038953,3.697481850241067
2.0459024798013097,3.4150352198271783
-3.0318142358468454,1.97793472916012
0.9851340815952812,1.4732623609319313
-0.20135102853915932,0.4775387851215793
3.6910007653697363,-0.4063770818062513
-2.715632498493854,-2.5277910631857434
-2.8758153999914464,2.0733178543114583
-0.8023130202688784,1.03230413319385
-1.0493500059563132,0.6640783251742925
1.3998292004457056,0.6624217958293327
-0.1802539689850995,-3.4059438313120403
2.3281433764466635,1.5344691690786394
0.004721631554860606,4.00291862971468
-1.6439352178656503,-3.752266448930349
-1.7968474066424975,2.868619714675584
-0.2396813275268299,1.525262421571829
1.4148240591288068,-0.13257492284277594
0.46653389134261514,3.6487291013449155
-2.7117352529573187,0.05089422147253897
2.9198549993110667,4.257574799014957
-0.6844015270601044,1.7268853170507714
3.568679062560993,2.03085714431003
-3.9845321860898055,0.5681583949937625
-1.5208585289402947,-1.3927777511948904
-0.39691903753062174,2.8082924978703883
-2.3293089985864546,-3.261478744790465
-2.970542272466966,1.624519525867434
-0.35858727511096145,2.6401956588981292
-3.0068288349670294,12.317406714211682
5.00403010169795,3.988645642172976
-7.904090035358324,-6.483677658786716
-10.098901353804145,10.317445069002378
2.070916565901669,6.57710970384327
-10.939290025644882,12.771525362815577
7.255175022460151,-5.1507054394627385
-7.325747239438635,-5.835225796121421
-4.582266922647505,2.2403077374719746
-1.720333839009422,-3.284364463460066
2.3115620991100396,-6.874042036732713
-4.853384801881818,-1.5069124422243352
-1.179671846727345,8.401183101602864
-6.925739379470785,1.9913836692128264
1.8759318822029698,-9.075217527237976
2.2150150177401944,-6.139943548604786
-9.942742689906932,12.274142605510526
10.240068076675943,8.950543088224698
-4.5739406888822325,-7.863440062413989
3.933665398431737,0.23878996670410757
-8.665621227265255,1.5405301686056436
-10.629929474703438,11.33813036864289
-5.601116741270235,5.499503577475052
-4.41488371177911,2.129391661046574
0.851657996699906,-5.8009237044974435
10.328649248455942,8.163587550546723
9.65440219140832,10.995260980350217
1.9988648108458396,11.635122687856487
-9.417411013991597,-5.537653403933207
-10.387023022799838,-2.477615503296419
-2.690002229391334,-3.7546781543690484
7.172139718118668,-1.7342259361922903
-5.10461401024725,2.6647150667887143
-8.24236934662789,8.803857889281307
-9.729860492942839,13.173160760007743
5.906087039835189,-5.4730017321639535
-11.276851330142316,9.117661578020385
4.440696525445162,7.072369799799649
5.884249360175254,-8.422406781860966
-3.367070256203421,-7.432945800129367
7.942310558143905,4.571558019761611
-3.984887079786782,-8.670486472011666
-4.431215747170898,-2.4810933626718406
4.950518192941612,4.908898481476543
8.482621845200367,0.9973069797927021
-8.720393198117927,6.699471255090561
5.649264480048565,3.104297805147519
5.877455123372091,1.5078517368417028
0.31430196086832396,-0.0595660285311137
-10.830941601133018,-7.6216766521302155
-10.69625082068117,4.881761905871107
-4.355609032394312,1.8573935613030237
8.938767115450158,-4.276486991167189
-2.203559629826657,7.70033381648684
-6.27303597692921,-8.35296590966666
-4.90701844992147,-6.360025413628606
9.434746559526268,8.943990704344365
2.794536130038086,10.442461819573037
6.610401028911724,-5.760336815764144
8.602436207817714,2.585371563228488
6.694847023061431,11.025162867192602
-4.273865441495763,-7.570564678899916
-6.292376642625528,-0.06981516148649014
6.931833480202915,10.18861666663392
-11.244803454445426,1.9088867486346803
-2.046054087110214,-4.9196024114133206
-8.714317125871448,-2.18698686986399
9.730840417225554,-2.527944441815152
0.22595357217234202,6.457553708121051
-3.2513432386097314,12.815817659700166
10.168695255096623,-4.217578235528477
-0.25682445450681435,-3.0560892206510912
-5.017077410130354,-9.301465221563882
2.260273412017547,1.7180114194455829
-10.246922176950847,-3.582039136388129
8.954441562988801,-4.506682486462324
-8.153383603872411,1.4051110864673877
10.688698743777877,-4.447695325888923
3.662550103577564,7.843898813939113
-6.074937622097407,7.053660988126172
-3.1582589197271815,4.784657783325619
2.797358877112467,2.500972058966056
-9.377132635318983,9.587051649566497
-4.2116395835388145,-5.761556324143052
-10.486799615302361,3.8049323456541604
3.7842146763124216,-9.78169164215288
0.07585520275211266,-4.815794130170501
3.0582906749025067,-6.04904420555232
4.083923964183295,-1.0249262683332105
9.59234748929579,-6.920716311541394
-3.7570058219627827,-7.489618250212571
9.322601693740108,10.581538667466148
-5.619904999442829,5.439455201121973
6.914071375608422,2.9605456961558403
0.46933488436750004,-4.452497339958894
-9.314090847181172,11.051764734496349
8.778564721104125,4.803480322535487
-3.8026469477262497,-1.9126922608615509
4.868707244487844,11.049268915406355
8.47979093920019,8.275788514178348
2.987894830988564,-8.183576895255468
-7.77836328195775,11.083428657536246
2.190009118578299,-9.956538966008893
-9.126539135120876,5.522675739318899
-11.287172291574954,-6.369801540968377
0.8970066608132736,6.194393313000848
3.210426320984576,-4.868466746249239
4.559964546071001,-4.561397630469718
-4.108109484188956,7.486003161197278
3.158245686834018,9.916385712041734
3.3370844518981784,3.270643296204197
-9.301271816595449,-1.474881137304747
-5.457185341933815,-4.401932920914886
10.405427327368912,-0.874408293856602
8.590951896198508,4.757044639069683
6.411823196262386,1.7170194574903217
1.5283236166292884,1.4776197557083037
-7.025037432303266,6.917293630140687
-5.108247874638765,-9.598863219106928
3.0650028601942445,-5.984122098095275
9.675908642077442,12.393448324939683
9.102319927617316,-1.4170882937118208
-11.0542103392528,11.787579375600519
-1.8046182967926718,12.694519412583894
10.19497610776844,10.005954075920574
-4.801744649437855,-1.0636682111687268
7.674124921457619,-2.676535477283246
-7.602123298730576,2.9984083644322244
9.579456417693681,6.292207593803397
1.374972281776616,-7.875165198782879
2.38225349162599,13.248082020342885
-8.261199196129649,2.088266198565936
8.262106051317605,7.350616311692157
4.220137429148185,6.444899904287524
-3.3440896196120065,-3.228468788934026
6.737898353184999,8.991140462014876
8.031256982963058,11.430871333669085
0.059032255328640204,1.6905041674584655
6.4898999513301625,5.202404311406825
4.331096808028759,8.65234788594493
8.545206484532812,-2.1779973636357353
-2.9834579997148403,-7.950740362535709
1.5591667491711458,-9.32381383748637
-0.966140109935985,2.6634979250000086
-4.978961912261966,3.803520404012053
-10.717069099177179,-9.29055340266911
7.03460522970418,-1.6529076587868534
-8.55306750292723,2.1808523776091153
5.855635277285987,-5.0683319877973885
2.5589241343901126,-8.155010462464768
-10.242373440073576,2.39640466104027
0.7155082942995055,4.905880497418437
4.871747390702584,12.912103612909164
0.17014432359994558,-2.5337750478092946
6.420224842974761,-3.7669038899998197
-1.562865902881585,-8.31803628291573
-10.8324741325095,12.599737896088811
7.334453097394231,6.290892459554559
-2.2356067259331454,-6.074407624056724
-7.894713268298723,-4.253996537690929
0.9080524367001566,6.731435744397157
3.3950050524390374,-3.551581695392124
9.998775553747407,7.282679040166023
1.0229617698304612,4.297666123315253
-1.9969953165458314,-4.313422020164295
-3.4229417275150826,7.754627117701322
-11.078035983529857,-7.428129582787886
-10.369646668146414,-9.21057653274431
7.771027656356065,6.472668497172521
-0.7739485388478204,-7.8596064437081194
-0.3830567331578454,1.0270408066503212
-7.518998539624162,0.0897277297092085
-2.469760429737363,4.395356269318812
2.8324081695684065,-9.102338556470691
-3.0052041399081606,4.632163543681187
-0.1248746662962752,10.088291305642347
3.361304783791219,-6.3194968059324355
-9.819098339470054,5.02391668338189
-10.806464788261508,3.6838683494974127
9.67079127343419,3.4401628852165587
-2.7013726974923777,5.044473638146471
-1.1307509704815075,2.7338116765141276
9.698459028724123,-1.0398945704895333
10.1405307900317,11.244215763374878
-7.012752969412186,-8.533203160899193
-9.142082018355058,-9.74303536253621
-9.28405592803673,5.984115404119255
-9.805205803915218,-2.627951837921385
7.5338022479415905,-9.623562376647069
6.852358108254151,-3.5061385256899253
-8.752427737296108,6.308942169487931
2.6945631649031103,10.584677075044443
5.072990701394694,8.834232929342637
-5.079960620023259,-5.976341988770878
5.421339055322488,8.913575667341807
10.797496628624724,-0.4126149982322431
-3.0633498447755425,8.19387240230045
-3.7628956462938516,11.845274414820658
7.837188370104894,-0.025191465833586335
5.427083328831529,7.67648079875125
-9.089509036652485,11.178028337431194
-0.07745066744782214,9.377800353100291
-4.228009931860013,11.011723716662342
-2.6782502032693607,-9.91772647259967
8.889810578268385,-8.014503551759748
-4.244503528859682,12.30197399497479
9.903346979710381,3.391989357745306
2.759428474378648,0.4349822930511227
-4.829492031073398,-2.3987363169016236
3.671131428361985,7.6251831824436955
6.339385371381077,8.506274013889243
-9.356596795765396,1.5226307751652186
-10.110663758564149,2.826362021935946
-1.5055146230244354,10.82674463194509
-3.536288535036518,-7.4046051331504525
-8.196035789826848,7.841320534014287
2.4542112035198276,-7.781808384655798
-9.51569837093874,6.40905991288561
-9.769923039333477,9.269037195336601
4.426911211858927,-8.249609342721525
-9.499318071530105,13.16730888545074
-3.0128646056140944,-1.4056511501410434
6.814956227400039,12.235416225268686
10.696556220090567,7.648927171340986
-2.9682940532320856,-8.198699912658766
6.015948517383215,3.0363310380341595
-1.893413366647387,11.267961817983924
-8.908572159036305,1.480160819089276
-11.146161595304658,0.913221521125676
-10.138800282101464,-7.363183217896641
-8.766738903485178,5.184575340362121
5.318924140146564,3.6269290926751534
10.162537941749697,-1.3056170037926407
-4.997544258299621,10.374766778626395
-6.3896247636174754,12.613320253409022
-11.12821428259336,12.770791378088802
-10.43335478408256,10.908101145126906
0.42564553956909634,13.31694772948087
-9.746760074545804,2.9286902272139255
10.322327311916897,2.201069702429722
2.7047778556349424,6.285557288253074
-1.2139362950188914,4.672337869469745
1.6943979006930423,11.145028579035106
-10.382112988455326,-3.5272312032734305
9.898962000510561,10.8872983990701
-1.1889327316077338,4.496669512710046
-5.184247230459028,-5.723641645677614
-1.008712135583897,-1.8146874323444866
1.679647050116035,-8.335110951460274
10.436449669590726,13.15716374402746
