-4.172392485980802,-3.1512550820621534
6.106093261223586,-1.4047826954321385
2.4600474856598376,-3.6380342927916582
1.10104668439963,-4.319255781680942
-2.696475173139433,1.5044953055975916
-0.7205448217844017,1.6153370394999393
-0.5410691311710666,2.5339960365376646
5.0441624984074025,-2.940250459052191
1.422430959784822,-4.3722780595492186
1.889409844598551,-4.599447965682005
0.7412922815760101,0.5328200659024357
7.205595752550137,0.29049324693052003
3.5997147774790808,-2.3385734508599785
-2.6602358354056395,1.3566891652682238
-2.18996411153463,2.2395314823614223
-1.7965806373597462,1.1890859866502457
-4.274821884969674,-0.5580953617042869
-1.7853053366016356,-4.741007631331837
-1.8555739283861155,-3.1881875702492897
-3.0484593480725253,-0.9402724187330799
1.1882846411218133,-4.736866513278064
-1.3663774851836208,2.1511737173526413
-3.830721288106718,-1.5095628706691158
-2.8151357184431633,-0.6622735852881181
-1.684091563536088,-4.589531721358956
3.6301754558893373,-4.624238295267075
-1.15989744138782,1.8467920479940982
-0.5456751874464262,-3.7764334461692624
-0.35642799639654765,-4.299833288529029
0.8162977364096546,1.8252027269362379
0.12136269319256787,-4.82362268475111
-1.5863920609174613,0.6316785434325618
0.8760147538406677,1.6623761586249575
5.383135135675486,-1.533068379409626
6.9083877873306285,0.10895916231833469
4.881923013545562,-3.463731818608908
-2.6272749983402197,-1.7716806383998902
0.7656868864396682,1.55695202074604
2.2265534866081795,-4.267716090696885
-2.7600048937201396,-4.0180240905390505
-1.9944020643992941,1.1233258364021959
-1.921136649697072,-4.040583015399031
0.398092975109388,1.266586142682864
6.011446726737346,-2.1283022606576
-2.9701513487392956,-0.5515489163947679
2.6619818313290975,-4.521205111318273
-3.2647485410591788,-2.41515046976747
0.34616183722887406,-5.5829341231358915
-0.5209547811398038,-5.2102309672226745
-0.2678149731265336,0.9802715098487733
6.658768760895173,-0.34609322037590357
3.356686937570964,-2.5959452335067827
5.120321202941916,-0.48219663793832646
5.990152819065548,-2.1077466875253235
0.528139980683834,-4.821919011591666
6.415769506466174,-2.29706460600599
-0.17074201851025844,1.7717443251834812
-2.661490242645932,0.7490230296868201
-0.366863260891273,1.5578082617596012
-4.450957835876913,-2.1953710899493006
-3.154100516144175,-2.3271089348294365
-2.559654228287293,0.7973824786859541
5.007477923096129,-3.1412488938045584
-4.069870614589387,-1.8324665874506247
-3.1326316670674386,-0.07258857827347487
-0.07870492600764434,-4.9334643685193145
-2.3791121520200647,1.8429427566908763
4.58377386168494,-3.4207840313857627
-0.2009147661124751,1.775755155345939
5.322146433699646,-0.8763217148016673
4.2820116492714115,-3.790999372997069
-2.1912661356007472,1.3343161579426301
1.283374190914489,1.3710842361110454
5.495959214407795,-2.4796566172858787
1.7493436171417,-2.724326674820513
2.5062642556730776,-4.877104408449271
4.391993830921882,-3.1242380104632903
0.17425902735715032,1.839926620500084
-2.6490615907097306,-0.4347824752907228
1.9316928615923603,1.1563296231904336
5.723261723838349,-3.189199923821647
2.1267529144265493,-5.288107244569687
-2.4547331469295357,-3.344785924059619
0.5001349180275807,1.1632971837625188
-3.52865737380225,-1.8490862742257195
-2.6324133283824027,-1.410301842810629
2.6489920583002973,-3.9843834082346055
1.314986329259326,-3.285128176975846
5.140242318340183,-1.351786941712645
-1.59484555851378,-4.447191366227334
0.6211010453182806,1.0720646513653853
1.4760747560185874,-4.003912480038876
4.356192457284228,-4.998259310293867
-1.3142966118107255,-3.242035302299789
3.597490856238038,-2.882104750902303
-0.42163474775437415,-4.597064016873209
-0.7154712351862688,-5.84806684774618
-3.195585696449629,-2.2983122445528794
-0.032471696194265376,0.7522602232477208
-0.43312706256336386,2.8082833825119735
-0.09288002978811116,-0.27589843547133397
1.654648537498973,-5.267995403912836
-3.2334537938522834,-1.3065136315279826
-1.5497342421406706,-4.32359066145708
7.438097849176757,-2.114252056104846
-2.6299761638878203,0.5122408342384754
-4.173864261819807,-3.9653064565707243
3.868371507513685,-4.113335398572159
-3.507036806743311,0.5042099074486929
0.38273728760952985,2.128967375004316
-3.9187784970152437,-0.2364798261980806
-2.1469190099518136,0.5635711848891701
6.309738656332312,-2.5782624261172398
5.240282558566697,-2.327774207065283
0.46100795352108326,-4.5285038499248
5.09358634011028,-2.978191576656606
4.10263670070658,-2.169952547523967
-2.9921984336234964,1.2181006102835947
6.994366590414568,-1.0759822621363946
-0.12760226644687134,-4.538201114166803
3.529082309006903,-1.7107061029202817
6.3506851103869515,-0.5533706912011944
-1.5635558380193424,-1.5842061763354485
-0.19810714282141761,2.592728412149141
-4.185124629573152,0.9403587441478911
-2.7266262211193415,-2.2799281893092815
5.702407432276276,-3.982600199794171
4.672814312937258,-2.007266323591762
0.808680353877318,1.1088152328894505
-0.3690363500011381,-5.787160696520389
-3.2078871352411658,-4.170870957985162
-2.9607083026406014,-1.099988437402604
-3.8294432426707594,1.5742615140089729
-4.007116089796814,-1.205764179224953
5.798382258445919,0.09764766517098811
-4.244416356994901,-1.4312918626484008
0.4654932753201231,-3.143982931098136
1.6356287287653906,-5.579247241176162
-3.3745282553436997,-3.6474508781874038
6.273823096625936,-0.5967173066249037
7.273430203015181,-0.42518086247841297
-4.301263996210413,-0.06139865453449091
-0.3013408325109287,-5.909899632788013
-3.2793448573962194,-1.105867186106826
-4.063657267226718,-1.7484268711918038
0.7993584310784869,1.6633980703571436
1.1010368106130113,-4.521040535778316
-1.6151561237209515,-5.059662741507113
0.26212287767283315,0.9994906366538134
-3.574232767115493,-1.4251975871792149
5.819992733863995,-1.791811891215058
-2.538851001785398,0.9678078699845754
-0.4813375522695089,0.8415086476514764
-2.3588873748703025,-3.7740416591522203
7.937985373638042,-0.7063350242357416
-4.649028604334867,-0.4788073661406778
2.067121713359638,-4.748788197434547
4.291761356322084,-4.760963112111503
-2.828667803667814,-0.2022364521442337
2.7441823842187523,-5.228670854533074
-3.1559197599909963,-0.7910259475278392
1.004829318989823,-4.7680990790010265
0.9522782241339109,-5.353904871689578
0.15967893228798546,-4.398404003009569
-0.3032494351716247,1.7039432910641041
4.369077965484013,-3.132532373636417
-2.533947439852078,-0.9501237136302276
-2.2229321007311986,1.7323373145989172
1.0277063459114557,0.7869185021489729
1.0697527790047663,-5.2572269209181055
3.787321662001827,-4.291882063318792
4.5753673942490005,-2.555995824310128
6.261597386082492,0.13403740274478992
2.3702675213269133,-4.37942357171144
4.418231673768341,-3.839049115684809
6.3250869743385,1.3108689385989964
-2.5428511492518453,1.893510106471833
-0.9224013788671583,-4.051683742418124
7.813006814116308,2.032561566989224
5.4488194841803885,4.700745410223341
6.230573328886402,-3.7825499620954313
4.8667461371969125,-1.661896885023494
-4.0563739372504,-0.5987051419049816
3.6087059234924976,-3.460516558365306
5.327680188267527,-2.471240789938491
-0.6646858331365373,-4.045057547179941
-2.2313739900943483,-3.6802336264587803
3.2328407249542934,-5.117773209422516
-1.2957040581415837,1.8773039860825078
0.18829379583339217,-5.163101519453043
-3.0347816530452407,-3.8457575154832395
-0.6470116879108211,-5.052235441127017
-2.6297783549926286,-0.8015822177867977
4.509994161323119,5.258213465547652
4.960744798558575,-0.1210341275363438
5.32491414155731,0.2539986581189506
5.54276634489957,3.454719232852908
6.063549456256272,-3.521720919955934
-3.3150893454491284,1.2587065477497863
4.145288419945662,-2.2422071458534356
5.735780140601564,-0.4593168116209234
5.940322917543171,1.4028537088466915
1.1962535574558744,-3.9991619451045253
-3.3207736619248407,-0.5192639271283542
-0.6840054048449772,-4.510750281950825
2.192259649766909,-3.9177475748067487
7.783838992752563,-0.26764022597757664
6.671667771490233,-0.5293927554890863
1.23395818385342,-2.952622917467677
1.732486352593139,6.735207188972244
8.148657996105694,-1.191324319283394
-1.61567595837653,-2.821018070249142
-3.226747855255626,0.874575206171933
-3.142237334022738,-2.4270238252380456
-1.298383375887431,-4.459052997661102
-3.157829245994147,-2.4607637029773235
-3.1415913830981177,-4.002788194371587
-0.9019472954365606,-5.3229723537861195
-2.908921030431503,-3.3895879917230625
3.9112049032673104,5.134574207078254
-3.5898722591886347,0.2911151948607941
5.246535570919151,-2.473955345904382
2.6435532856425588,-3.2080598671613516
3.907959616427927,6.1796941469587185
-5.400894808530378,0.06027511542926722
3.4096215253680096,-4.733314510765114
3.9693408034582327,6.784295127364164
3.1923493073079223,5.726985414865594
5.235184132525447,3.315754557264729
-1.4615244436650034,-3.9864467956302514
-4.0426536784589615,-2.3860874468146105
5.732652339045717,1.1038788682681506
2.8724576217496733,6.504169731842055
7.009885766569079,-0.008520598037372817
6.5280073215047505,-2.147984534428706
0.41823745284947456,-4.96673034663356
6.564734555385157,2.6575743008826125
-3.5780761351639967,-3.3834504537681935
0.15361433457900736,-5.307100619156315
3.600076353662978,-3.3359450366748495
3.910052038484743,-1.8601763074038327
-0.9710804698799574,-4.524499461389184
-3.477609795358436,-1.4847276523314676
5.824634234892806,-0.34104564943385046
0.1978841455898086,-5.059144387446151
6.234229824795673,-0.9093396612730357
-3.3973313793587345,-1.8905303808770408
5.3346113041828005,-4.6917335807606175
4.417842398610851,-1.2564731614511708
-1.92134015762445,2.616572671909241
1.3983490102248899,-5.304374929187354
-3.500426107340137,-1.757402187387257
-2.4480115052667566,1.0761730592738623
1.5438664454642417,7.33136799609222
1.276475727985709,-4.267145676872884
5.4450276420031125,5.667935133298776
-1.66350838310208,-4.390055037738746
7.200078578550356,0.390623463957685
5.495685500289808,1.8371164035056489
4.883326367957147,-1.6618552377924936
2.973294039542676,-3.6657059154483687
3.3676034099402132,-2.9984870029074098
0.23076204523187194,-5.220729878876959
5.161878966119426,6.45416955250673
3.6760828222806534,4.484604644363483
4.420341198790283,7.7187717501578685
-3.1154179986251975,0.8957620682767498
6.160256738681594,1.8169112609444917
3.1548534467577576,6.013629706281555
-2.4481556104523126,-1.9571056855683509
-2.806768992102064,1.298212233808032
7.066559849009448,3.965556111371323
5.9013401443202484,-1.1050289984917914
5.313223783885529,4.4385489635194055
-3.5152002158224027,-1.1413950720572204
5.70498444243317,4.627109685611439
-2.1708069516555804,-2.628081953760904
-4.376165358092292,-1.9136787049130084
-4.079303714493018,-1.4832719087110848
6.1333953742556275,5.096137873609229
6.487257512871801,1.7300444328122988
4.991838296940814,-2.171791491754293
1.5368511833968195,-4.917815407495344
4.947015086085127,5.521125986917361
1.967840349346883,-3.639845360151806
4.892299396947763,3.55033083730777
3.6813663891881276,-3.822894833561679
1.2176422050157498,-5.021493826599941
4.363049456530493,-3.7576752268363465
-1.3922579568633835,-3.683115121284272
6.9684377606021295,2.7958070132179347
5.181747990295109,-3.0526751218762613
-1.573358434757715,-4.985860007898307
5.0839227790291766,6.393515208103921
3.5129630467227875,-4.148778936425626
6.2488054920765554,-0.5312005434263731
2.704946017032487,5.6653995056078355
5.185178499025352,-0.21188645068685621
-3.787401524959764,-0.6866351619722977
3.582989784487492,7.688662851015227
6.641475482740426,-0.3785272417294978
0.2972451216758111,-4.5901707601420885
-3.0778889286096938,-1.1121523891825202
5.158871945861743,3.861854660286157
5.695809838566838,-0.8459918663205485
4.170080926689494,-2.3209623629646545
3.6561690905466206,6.558450362566908
4.735624705148917,2.770130963682012
-3.9145781348823663,-1.8674126081727185
1.0919010058286138,-5.318256366170255
-2.1553301567653556,-3.2048033664227025
8.273380663661847,1.3371561969905463
-1.392073419008776,1.1660090556431548
5.908571233157888,-1.3753873842774513
5.355857894822896,4.245127789496488
5.236121127821242,5.343234617787761
0.611566778815773,-5.257749729065394
5.556555406403472,5.807438505426978
-1.228425827312333,-1.839377357626081
5.052296327485132,3.0592660905084994
-2.3581554909806313,-0.8760316808835444
1.959577901356889,-4.968451861394331
5.701656694179445,2.968059069054841
-1.7328475003327988,-1.3549421060709514
-2.346534811168413,-3.650304160451577
7.725398242781044,1.581407502546392
6.850274325405733,0.9544500789458268
5.837652815205373,0.7262900829738328
6.857354988107999,1.857788548929086
6.204076114124211,-2.358964238536525
-0.8177610181359892,-2.7314945819215763
-0.08653234206672566,-5.6668132382229075
-3.3435418115345574,-4.022203275062771
3.944700929932723,5.390580443636352
5.84023048292338,-1.4019762049621045
3.108044380803188,-4.342079491766997
4.164549448815782,-3.9840752078120976
2.3491183672747376,6.813665523453559
-2.8141310181641965,-3.024445719190049
6.415153495474668,-0.1441154450872124
-3.706002773599238,8.310862410215728
6.163197504539729,2.6185521418514557
-5.661117934289747,7.130812141839666
2.7264569275043264,-4.22723428757024
-4.330946969967723,6.718743981945167
-1.7274857387421958,7.851040957234143
-1.4637948239495275,8.35256827119006
-3.517278950124044,7.579643219324831
-0.5377137155187469,8.346705037967716
2.738390610045089,6.246191848221347
0.9552141861997996,-4.6397976892128465
-3.2561070054247705,-2.8946871000108128
-5.3661733078744955,6.50664550399362
1.3474736918770507,6.116669810822914
-1.4093150214348882,7.24484186831945
5.9880859641690325,4.813504565146234
0.5787260506142734,-3.787059639708457
-2.203451790455023,-4.2476940041480065
2.734388218680189,6.768158249807181
6.117062726821214,2.032646389915225
3.957738448501849,-3.3819313502999595
4.736162544848355,4.219975747895685
-1.85148613899988,-1.5165879496613908
2.960406470602428,6.553366269018399
4.5352018504175335,-2.6699913998059737
-0.640264892032202,7.581683631381745
5.643967865301968,-1.4945288319850203
6.196270036423126,2.932268199266653
-2.4907090129818727,0.41021013248045757
-1.6483923201152175,-2.9082821826765453
6.480830114000384,0.4398704928749557
6.024168393241586,2.7146202644124955
5.289421391783368,5.098692346542314
5.446475128936233,-1.7659566287995672
0.9554918790967755,6.827757423080177
-3.0588910310892365,5.650481502080122
-0.7797699658491697,8.199129493964984
-2.1086657077654367,-0.19965515886072227
6.235576875203091,3.7909239487320083
-1.65616654858469,-3.8168999666683177
5.6691952015734834,-3.4529490924713904
-7.777021987026068,5.359728345462623
1.0815682475264927,-4.077158859555872
4.853588434881085,4.073640865504373
2.85584952961104,7.076860147084171
0.8425823115216187,8.015150647261313
4.566681282308758,5.250414599804254
-2.796733123639026,0.8163287774711299
7.295755721688741,-1.2320395036695426
5.50495585283269,4.1951918725520345
-1.6406939257996995,-3.700941081928612
6.997449008862375,-1.0266040034621666
-2.229248318907353,-1.7842822985488276
-2.7943633205143326,-3.8786747996603386
6.834942875915786,2.0821481295470003
0.9918899622609962,-4.403115044677445
3.89701896601391,5.931138750495956
2.0530489061210258,8.325765952764195
-2.377665687169954,8.927817122949271
3.158692882755206,-3.912067113941852
1.710917875608481,-4.728111462306304
-0.7444928212871266,-5.531056926677081
1.548818845236092,6.272004536939214
-0.6880974490525766,7.536424438750733
-1.9300198084330837,-2.190704646206543
-6.463824137334674,6.202967211643148
-3.530535524564469,-2.796298643148319
2.9718556572274526,5.798083824974648
-0.12186572616306085,7.737961052696588
-5.2435551792765125,7.645985937309816
1.5575317701769245,7.8705717815632585
-1.4821868525110686,6.230015133872564
5.586724489119292,-1.424204805711037
-0.8578947481154753,7.6254522923690145
-0.9672639974472164,-4.8852595294889865
-5.054868427433196,7.446006698168476
2.566393898937742,6.743484281957475
-0.8964175618744319,8.700681731421083
4.9392958767689255,2.795752021487111
0.9169298637489209,8.408763076724766
5.801808426592869,5.136375587120642
1.6877015201636412,7.613379902065496
-0.5860230851003037,-4.452403143445578
-2.0218924018122966,-3.457896834821396
4.974685205644981,-3.7063428809266714
2.217809986097394,-4.646319088894517
-3.599191371992123,7.376115945631305
3.9140744419059534,-4.016055553918577
-6.560267021630636,5.997882760119442
6.063607131011366,0.1968478261805492
1.8059745920865926,-3.8425634530649786
-2.1715363054797443,6.671330376136996
0.46425061274458623,5.349205561451212
5.389152951655836,5.034582475448461
3.611286466739308,4.598484911950901
-0.787171655947817,7.661381195257156
4.116724075460931,-4.763354373122025
-5.933559968331144,3.803654660554825
-5.887082136414823,6.101909151384335
0.7930264148109551,7.9052291589892505
2.2454473460188793,-4.829039621871739
1.9679250428140493,5.525986326883531
-2.840163449399478,-4.102156156660178
-3.3983926972098404,-1.3285610585523675
5.208915285325971,-4.310345520983434
5.1693333867305675,3.4224111962344703
-4.030219513757681,7.274345921853113
-1.202827178345383,8.33347566781937
-1.0685711964364017,8.002018027549699
6.513846394458081,1.3552963651048446
4.917246520554441,0.4958846816085025
6.682498757971683,0.2366860670695449
-6.895047288141822,5.397492895443127
-2.6055126423128288,-2.9687467332132784
-3.9028115413634423,6.945472419780854
4.971665264021933,5.467091832023125
6.2701355064259845,2.407357506216315
-0.423600546213059,9.233123305785385
5.7373237997782525,2.872152435479812
-3.8143924053840013,5.938256175376283
-4.902300708803535,8.06396763914053
6.310969303655178,1.846430721551889
4.642154653367807,-3.1397450148115684
3.024564544883418,7.264016794331951
-6.348367563361504,6.2377300877590605
4.8131849347296205,-2.7197234738247875
1.7870146073805373,7.477603210028437
2.0014056271752665,6.667774726647142
-0.8831290614922362,9.612883469221975
1.0986228971813923,-5.261595666527849
-0.04237675284765588,8.4205362179843
-4.147431847584522,7.0098283512974415
1.7791476589081405,-3.5873135085724535
4.460277623220388,-2.374937774736442
-7.220135530809671,5.758542565114128
4.082625857225651,-5.217559329729888
-4.696471006379959,7.797898121576233
5.8058065551273765,3.5832767964017074
5.009290184683465,-1.7819423294173828
-3.8483191379576773,7.368459952732594
5.967004766787952,2.4601838724149707
5.089239481781268,4.873559613147033
6.314167635835125,-1.1029194113280487
3.4226904153596527,5.6656420050775536
2.4645977526270464,-3.8015739489703657
8.129330023077149,0.49691831646211515
-6.9567369080899555,4.932531201922484
3.684063537688581,-2.6861124007065107
1.8025007784814449,8.319403997757131
8.053891742547709,-0.5575949567093615
-2.123183465787613,8.698552433313559
1.66477269164896,-5.378674065754104
-5.177078502791999,4.624980133713477
5.593714842840367,4.212119632540063
4.649879949456416,-3.9166232443349362
-0.7030227995922125,-3.909744131021374
1.6348511054190167,-3.657031688738255
4.942400451767379,5.297030422950736
5.6493518792933575,-0.3874766643960337
-3.8635114569066418,9.37925754034241
5.705534765044296,1.7892607051814116
3.5621901777069294,-2.6136644183217244
2.9605410644254,6.893040851856038
-0.16073663357601609,7.997120664553117
2.0191399016471867,-3.5166945679886625
0.6100071154178921,-4.329159417737048
-2.854352360084667,-1.5902017479399742
0.26275598197172295,8.752790789214632
0.08205114477650266,7.153964024814377
6.1005300827204065,2.955994282812334
-9.071608472616653,-3.987460572798275
5.4348514204829685,2.7437058303410926
-0.05114512070810262,7.349253697681341
0.3437445735623212,7.649098774831219
-0.0517902265603889,8.548884654604922
-6.666595207288204,4.5384321526348845
-8.84871410702798,-5.108891133816348
6.184496820390612,2.8394409679160733
4.401531059505519,-1.1323466939550855
5.885339249369107,3.1745338144110042
-8.720130905727252,-2.596685750744068
-8.254498778577327,4.884981124544516
4.95968745580712,5.3951714245977485
-10.528736533261027,0.7337986386056703
-9.078929834586768,-2.4282894488044757
-9.503566038238668,-1.0100408977148756
-10.428633164756075,-2.7450342569385717
6.476939479631555,4.549925876636713
-9.641945786426092,1.9419412717408915
-2.0856443651209573,8.705068343176618
-9.31666110942416,-3.215185696909403
-7.8270503839211765,3.1718730001120026
-10.053966008490328,0.5756694057283265
-7.432143958725148,3.280873678614877
6.702622550045759,1.2620584844715812
-3.873119112421891,8.247334474570259
-8.227604179537698,-5.592558804785818
-9.25626297627533,-3.331224179476351
1.1404082063051364,-3.454780006399039
6.385183520702077,1.2891252671171582
5.029398717162358,-0.08401697199633196
-11.049511797432263,3.301311979847973
-9.099167686032828,-0.19587128590053823
6.895212363373979,1.2555969365582644
-4.982485095637359,7.439589243139211
-10.285066103355366,-1.6846649952779362
-8.306443310964646,4.231753696494229
-2.690187788096039,7.049642943432569
-5.803132372340842,6.426911902379941
-3.763103901099235,8.053158560869312
4.2477640746556835,5.735114242910616
-3.964296300121753,8.173844515010174
-8.646338504216022,3.3279168698388815
-10.055142307583278,-1.9190394906172101
-7.414841949905416,4.670948827331413
-9.87563438275266,0.5390056750884045
6.3818831223244885,-0.48588030871355103
-0.17577649263796968,7.872374036823988
-1.1826659889918956,-4.4762527832334795
5.456273611959534,3.378642050028283
-8.952372975032453,1.567601018686834
-9.512067739890847,-5.749299810604197
5.653220189940846,-4.132390018269191
0.7332962650926326,8.318271185023457
-9.52872209101852,0.39233663939051483
8.816900597317298,0.9430874888326246
-4.513008140149585,6.7412029534953515
-9.406617602601559,1.8848295474522376
-6.862472135688699,6.015836585204599
7.268825763763634,2.433992652909091
2.5856501189155896,5.589200505330872
-10.443493978540456,0.9515986539769472
-3.989264323282404,6.874624014550996
-2.515498009541869,-3.193920200190257
-7.613117233783319,1.769791132027593
2.032226608492982,-5.41237790730467
-9.313670837092788,1.831943766236694
7.299408184510064,1.4009774033565852
-8.674073216863178,-3.853171420731633
2.7248675763762575,7.3178557534691695
3.862349891661303,8.012016646878669
5.492826319622898,-0.5981309915268216
3.638393744978988,5.367645363719378
-8.578931191648735,-3.3933292547113147
-8.459113035294989,-7.250768694032862
1.7062962718104404,6.039224652863907
-1.7533002206390602,8.130428110827935
-8.31985024317432,3.2355625897649194
-7.709257819772006,-3.7546865782673944
-6.750680383449319,6.987924374347286
1.1897135744518845,7.225534057949745
1.5045187288304565,7.914390001608642
-8.31118023592452,4.918162568333481
-1.9202300857039127,-2.7203617001649385
-7.464531432866375,5.460519765040001
2.8338173880484923,6.378348414865003
-9.504668276401183,-1.2023434563424575
5.490173696260177,-3.772953035248725
-4.808184328830876,6.203783234499723
-0.12326101074360984,7.035703728355716
-6.707087079252522,5.005573562200583
3.542980723723345,-4.188604493609962
-5.362260681820648,6.357839873079837
-5.236571371990637,6.360023327535358
-4.6574194771204915,7.029225940130224
-6.423969396515622,6.399402012599202
-7.76343771177577,3.3110457774367994
-8.35173755382641,1.2935416250662857
4.338916097345909,4.718021791566131
-8.552212050069384,-0.4802559638393302
-1.767934344999304,8.271184812241717
3.867613138680354,-3.6484160379999966
1.19233907726898,-3.6687325563707383
2.7438768812984815,6.890195967193859
-8.262479613713102,0.3335350468239039
-8.463614896997468,3.557198858550671
-10.122685863423818,-0.2130437727963309
-3.8959748855052276,7.604172682493387
0.0011687692543032036,7.883627060282501
6.588779172955785,-0.7871672241860637
3.2416250099350354,6.418256819872166
-0.7306295815336157,6.391712514207
4.200302203275797,-3.8209557359280235
5.34898927692797,2.924255428569269
-4.75007174227234,6.289091642165578
-9.095437762261858,1.5831352403507108
-7.185761021423179,-4.8511450850384445
-7.7888565901500355,-4.656019340311094
-6.377708140155471,5.879950867290186
-0.29777403276490616,8.18953781712654
-6.702939417509028,4.750829160427843
-9.324267094976065,2.219078683640243
4.844981122460597,-2.9990902094402156
0.737153699886286,8.513315919231744
-10.42051567763747,-0.18002244829573244
2.4076026469292326,6.9862314927601075
-5.64607694099622,7.806884949482262
-5.5846669431585,6.181534748127898
6.584361272784818,1.4233580418766056
2.0423308392871573,7.416949529340681
3.6902534436024834,6.55916802256689
-0.023723023536985077,-4.124951923961026
0.8621594000628557,-4.109515524250801
-10.549923314268897,-2.112899008426743
5.164332175937549,5.95389430167667
-1.9690682478424888,6.1781389734127
3.5592080264060852,6.561290092843324
-9.470307455922663,-3.2920916060589316
5.803060997474207,3.54303392825315
-0.1279992128562771,7.555096161507118
-9.137453380993296,-2.940097156145197
-9.08577958611986,-1.22240352424674
6.862549146779421,1.0236240829884862
-8.508166755218962,0.8656167139203358
-1.0214747566981757,8.95693378943561
-2.4610267394469965,8.930524711523262
6.460338312206978,-1.7598876240735506
5.660432977066145,-3.868726264856926
-8.844768918935038,1.299981328101371
-3.5368804275390864,7.074698764773075
0.34115922950791944,8.675910684039575
-8.855638662935363,3.8903398483623266
-10.890751416478798,0.46592942450621233
6.952301249471804,-0.5278689570168191
-6.797821623127915,5.87284301862279
5.8858616654757165,-0.9939696731294452
-8.751142099698386,1.2598663615543633
-7.346251063279168,5.0632342031192925
-8.178649387747152,-5.04990568284839
3.1740849339764585,-4.130679718212163
3.202766395240653,-4.033281591891967
4.618239005279937,5.223296255178526
5.928248113678767,4.155723003863792
6.144536991470744,3.8567006220969726
-9.984339307140631,-3.1988145713818046
6.469563061712171,3.7488341539887378
4.662597023155636,4.664448982036118
-8.450336833344913,2.929384544473124
-0.7379470566534556,8.365364232968389
-7.772719848985352,0.8539869077045528
4.520943384313611,5.295100899425879
0.5197207187866726,-11.001374609931412
-6.01748680620061,5.574176809623304
-0.8396324705953253,-10.453175254363453
-9.202449541312037,-3.87373969903805
-2.598906482315932,-10.75074381579977
2.2772086543215218,-11.246034726292947
-3.471603294173247,7.388412671052737
2.1221899045813712,-11.332688830287873
-7.956488894190317,4.055080445943682
-8.109856115668478,5.936641004391384
-6.338929506408928,5.614878354930614
-8.746511059761863,-2.4392476136439103
1.950045672521598,6.493511779561587
-9.85810080971126,-2.059735279535296
-9.648068235647393,-2.3097725277252397
-5.9734831366715815,-9.820121111695581
-3.132256194806838,-9.417471376919325
-9.33868797926409,3.217451748529334
-4.279161030565008,6.38596129707777
-2.7821298252039,6.169545443537014
0.5877075957012442,8.592440214151354
7.009527225941077,1.0814596321709788
-6.645307120029441,6.380347622470583
-3.2116594329202304,5.930789356378678
2.2282673263468475,-10.248339427434642
-9.0893910522011,-3.7857252340560343
-7.167742487892846,6.17827765590612
-11.032107239813891,-3.708980941709175
3.317366706147166,5.763617752062359
-7.870281347267319,1.6069722452552098
-7.655510166038551,-4.8799398368874165
-8.647395297043312,0.1313369683784817
-7.2535041980369845,4.104638407810207
3.351367098659082,-9.22214977895583
-0.6476780626418003,-12.143399495605024
-8.941592214684654,-4.034500996331424
-9.45194495549363,-3.200405935796993
-8.00330480631482,-5.948866542391041
1.0282671021188494,6.78115489894623
-8.199490244525071,3.7418693236400244
5.914287725827027,0.6838699228701302
-9.339019695024096,0.5092085527222274
-8.917264665584247,-1.0100783462059617
-2.5214810994885246,6.746959611312144
0.3885863305642834,-10.981932932624266
-0.18752861296114454,-12.01754067134415
-7.080568954289511,-8.087271254638448
-9.847771741790927,-1.112001902179884
-1.2978499964025145,-11.159523014909956
3.4910491167399984,4.113824826401793
-2.8002753106220517,-9.686431924902664
4.398263036372413,6.298894867613463
-3.5976552239539457,-9.58524590917564
-3.2885193731541187,8.403984541709997
-1.833329009788657,-11.72874229145689
2.3386420304831894,-10.48470227767406
2.8663735580801983,7.805186504633324
-8.692143042612841,-0.2689703718054588
1.9708702861646974,-10.632645477026138
-10.633957540732146,-0.12446759888297992
-0.756730888562643,-10.83854506689909
-8.679353383680102,-3.762337678255691
-8.293708762055594,4.241114929624392
-4.945544993426027,6.688195660789964
0.860709982853543,7.886247238085154
-5.851610468295016,-10.168262522765291
-6.560020359226332,3.349786924243921
-10.197298431978476,-0.35444288754075304
-8.92397615070654,-1.0173895461854217
-9.379894809473887,-3.06263852155134
-0.8554256621184873,-10.419482159475224
2.3842999457832823,-12.270472596318259
-8.500068552171863,2.868101278452217
-2.659622008360383,-9.44408467903345
-5.614812097260415,-10.139777962504237
-8.564549155881258,-3.8197130816604004
1.5290175199447622,-10.630766339700788
-0.07174588932358993,8.465730218302678
4.049207666704739,4.99378610869162
-3.8049316739506063,-11.167734570619723
-9.091678145874925,3.2730104176928165
-0.07469115601975984,-9.23035738841552
0.2856596302158892,-10.175952826537138
6.259617956085454,2.103437199476451
-0.9016883859747302,-11.557019253986825
-9.047284823077547,1.0905490126282058
-9.038678593711953,-0.4444745654391563
-9.334598266147497,-5.1069821628841545
1.7594643063806596,-9.918687516172541
6.029546424030344,-1.7095940998017245
-8.774237197964759,-0.6460406989540642
-6.690235308204732,-6.589656929250557
-6.072058940078696,-9.191012105277437
-6.378654770638835,-7.878672055538226
4.139109485830092,6.5480962753742755
-5.136030681276166,8.531841085000185
-7.534981713800032,7.702157858765916
-3.4098455855845913,-9.588750880549918
-2.6872459936631663,7.215779639202313
-1.4396818971188783,8.325580549197829
0.8158443895706089,-10.28587993964261
4.552400196430536,-3.7236915374332478
3.4597797101865013,-9.337184451631185
-7.174563973691929,-6.920046067514485
-2.4638699151609385,-10.013135038879392
-4.823438038083107,7.576027815356141
6.249265727775761,-2.4576932123456614
-6.921610641533833,-8.094417287505546
-3.1222084222865405,-10.974173473791343
-5.644824642435225,-9.27359902663391
1.9225442992275228,5.775748780459595
-5.3045175702545455,-8.7683176794532
-3.34277470291683,-8.820558017951564
-7.723650604355264,-6.161434739035807
-4.577651393313251,-8.047635119751732
-3.050215136548072,-10.615203589622721
-9.108751383350235,-4.438939247894309
5.338361436050867,3.098219172465158
-9.66775594387569,-0.209333917281534
6.991747414125642,3.7712086714441293
-7.922802552855019,4.091054137417032
-9.248782974757823,3.19375912630009
6.417803072959666,2.267588158033769
-6.35506047884327,4.3293119105821685
5.681881852950137,5.000398462055554
-2.096916475255789,-9.419935316149536
0.8267917008214251,-10.561843403596065
5.447631942739557,3.218744294302907
0.9000595499813928,-10.963404813741903
-9.657013105889638,-1.3660640283990537
-4.48704155429143,6.403107918945567
6.776798519026106,3.716473014726106
-9.522314164338866,-0.11228113002100842
-4.083649110717474,-9.520188033818304
-6.406180615122969,-8.40119775908533
5.692866827438777,-0.7515595155423599
7.754748933128039,3.740378871858423
-9.553103989089415,3.2114653027056304
-4.526540656414637,6.338215701606226
0.0070307968356404515,8.44731040239169
-4.025233967312024,7.007413944932593
-3.6759265381209025,-9.211292054357573
0.68528158768389,-10.547075586704617
-8.460548520625775,4.054359850841741
1.2295890780991385,-12.0994850629605
-7.530346063768244,7.340273713193268
-8.1191474191172,0.7826019268593238
-2.4139246645745027,7.616271611672617
-8.336899196139642,-5.810643534197138
2.4140170277925197,-12.320969719178262
-8.30409321716018,-4.273253823210253
-8.326054722790673,4.4213221353393255
-7.602953713504396,-7.256052155058294
5.8467073872483,4.6468392853831375
-1.593474895035488,-10.047919193114359
-9.315216679115268,-1.056282911046353
-9.60796862264303,2.9389479383263177
-8.67586027029743,-4.358610152520914
-8.407447876792391,-6.743314068293262
5.595079539643144,1.883738603412294
-6.779768563889445,-6.290959543342016
-0.6671575632897446,7.713099896028356
-6.489664359100059,-8.603628171603376
-2.2908065112828133,-10.206790341545943
-4.542286543119068,-9.665250415721179
-10.105286046222734,-1.7120440617687256
-9.09533809469244,-0.11228853940443417
4.423061059346617,6.368939800462537
-4.17908001782668,-10.63014959080417
6.378365904116681,-14.08374249143294
-7.751046201710906,-8.497035876280052
-3.1466563435572965,13.985981724566258
-14.033452900477403,-0.7568483159511246
-10.692532235402467,13.676472575360023
-12.665542599471362,-4.4324345630720305
5.988465459531611,5.178167948687477
-3.4241239968877384,-6.255117813543611
-4.174256526314956,-8.881610330291249
-9.916953571789147,-1.8956509331634184
-8.02937189680602,-8.141211115056372
3.565435637051177,13.608159238810998
1.978965771286184,-14.862718719404338
-13.792100415781192,13.061639735338936
-7.170502452952421,-14.380916102122004
1.8418008852435257,2.5945388078682647
3.3190006002153574,-8.781792619295027
-15.59820987111592,13.495689413530656
-8.556236627847053,4.267154514990956
5.054987306813498,2.158917581673265
-6.704090520480973,-8.663821751551291
1.800695609028434,10.336801091691974
12.226028178612907,-13.938989309549235
-11.425336603081846,12.848099270559096
5.948153075275684,10.876425449199704
-9.997601981711696,1.4429112244076414
4.89101247572745,4.397623382371442
-3.8594850783931207,-16.829351508056693
1.3603982107290662,-9.238462325258505
-2.6020327996416235,13.258281832507631
-4.131758440653423,9.497131495426181
-10.418480312969239,4.153285099751514
13.130180816379518,-14.067130394991043
-15.801024971774455,-3.4750004742317717
-13.283120922357245,6.577826231878895
11.264775752135986,-3.4610076960100926
-8.322723201494988,-3.4487979054673907
5.557279076557528,-17.03183545252664
1.5553641402480736,2.2637969076819218
2.9959483636466224,-9.592272148717669
5.276681310572901,-14.402487411989627
-10.098021750474288,10.70002992790467
6.013498467716104,-16.882021215386736
-8.631403976162119,-10.474144568633314
-7.96149832517221,-9.415432359706282
-14.182075663260358,-2.6652306399668397
5.834608335969172,2.0543121026932205
4.046750945661245,-14.729563765442721
12.368102142480794,9.455305402437379
7.995647669779469,8.960074287456543
11.8072048833772,0.05915653190111669
-10.06780645654515,2.3753074629966093
6.137693252881935,6.243575985356173
-0.47570019882449266,-15.134819026513883
-4.965699733250764,12.082655976271791
1.4058803650447906,-0.12995647662410192
-8.01982186311594,-5.554976003137595
10.691263737242494,3.9617633960375187
7.466913857828615,-2.811969682114169
2.7737115694895778,-9.389124023167629
5.020072288156765,-3.666011505531751
-2.832264948528321,3.4143940658106438
11.913831360571109,-15.277000443452701
8.582609848954284,-7.98405039650747
-2.7912302990925166,-16.62119269520798
-7.058345487010795,-1.270017409124499
-14.3717339046543,-1.6383907956059343
11.63995657960913,-13.955358165070564
6.781590238613358,-4.238594445132037
3.5181765507515372,-9.010612404869216
-11.286050110600389,-12.196780152814021
-13.944170278345835,-11.392555099951704
3.788338275235187,10.8348088370231
8.265501669591597,4.558008746689428
-12.751308223275617,-8.086100265235022
-6.796691896322644,-9.338881289495799
-0.6681403789116143,-0.2186728203231212
-5.390608085069534,-6.023118664441288
8.696471381609058,7.884192221716834
-6.856754555070193,11.85981629272711
12.407654436274896,-6.886821351586244
-5.464110113790891,-1.1741228967603874
12.05839050298022,10.663286404930432
-12.986174728421528,-4.779563820977552
0.4777003630076315,-1.2540112064005697
-10.259517462317675,10.10435896704151
4.168280794375953,9.436673308670265
9.598696319498988,6.576916244463401
-2.9318668523622993,2.17614072013847
-11.259972444408518,4.191124143504027
-10.695860138421395,4.839514624323545
-9.192238443278232,-13.567103758075566
-11.113057052366777,-17.25735316556103
5.416662033825975,6.0674178564823364
-0.6703000131129784,-12.168033720206605
-13.55404349596791,-16.710108113324104
-11.099208390511052,11.127480147047297
-8.835672874644493,-6.0077211669639965
-12.903220113988077,-10.220116458569068
-0.5421366410238253,2.0869152376546403
-8.721718400538048,-15.477359422234022
-4.3707628681712425,-9.841953655788263
-9.492223783365812,13.331148103679599
2.3571726743099575,0.46230472886433205
-3.6318010921350403,-3.6231243494238363
0.10538011357945365,4.918717494738694
4.9210730724977445,-11.838121677169696
-1.112938100038578,-4.165560392586217
9.950005577919406,2.8426694113874227
-0.14552574797144224,-13.635974157108738
2.0387191669864357,-13.57819740207858
-5.978361149364233,-12.759475385654756
4.62024515213588,-10.734544996137352
-4.346078157050611,11.281377133852846
-9.947314431834855,-1.1047973583924176
-3.5273714596161465,-16.74219925324339
7.62732895181707,-15.116067883667798
-1.8852157606539635,0.5836486373247318
2.7193319155901854,4.6696916320282895
-8.485174342941681,-17.002308930367505
5.557154966827497,-0.2153905162149634
8.922324337106247,8.909125672352925
9.137615313004417,-1.8300280649146963
-6.085228540769686,7.956533712448518
-2.5709757063778156,-11.462953550673301
9.485494857587408,10.862567815642478
-2.1225123168548414,-14.903585740865577
-4.466537858529971,8.339083929451256
10.883243226004065,-10.823301032418872
-14.049250281119546,10.696210845942229
-4.419383301336886,-0.020454623051751497
12.86314097053382,-15.195301470439663
3.3134211760743426,-14.954498034208097
-4.835601938437041,8.347925957729974
-3.1032513322796174,14.522905172421922
0.6475833598967604,-7.065024687231135
-9.475576165205783,-6.127498437764359
-4.923279412563383,-15.126677222706245
-5.01165634689284,-2.496044985425609
5.53607196418621,3.6509332304153013
5.118775552876542,-17.053885130008222
-9.548567476667237,3.8091592036538344
-1.5944857327016546,-17.151289967265164
7.977856962803131,7.357817736865606
0.32980108971685596,-15.198539631425971
6.843542778689795,1.319254295509495
7.304827356556292,6.685208370811935
7.933279237498862,-0.7789761762058909
-11.858521867970207,4.111674502026354
2.481814147061087,6.382034589459543
