0.14901424590336979,-0.35739104916079456
-0.0414792903513554,0.19696608259014892
0.19430656143020775,-0.29240450106819643
0.45690895692240757,0.2361253811227356
-0.07024601241700079,0.34757867370222123
-0.07024108708475416,-0.24620469550551313
0.47376384465221744,0.28901283877329653
0.23023041874587263,0.12383427808094949
-0.14084231578048562,0.246618047998347
0.1627680130757894,0.5690378947961842
-0.13902530784373868,-0.07361643480086115
-0.13971892607107705,-0.22612084930724685
0.07258868146981023,-0.266854328887657
-0.5739840733973394,-0.24474308548963147
-0.5174753497539099,-0.02313051282423126
-0.1686862587722918,0.10234559244499317
-0.3038493361003271,0.08300723979900572
0.09427419977858216,0.24815497471080714
-0.27240722265636325,0.0039005675633721057
-0.42369111040058743,0.43606022314719506
0.4396946306764662,-0.07939704997138682
-0.06773289014596069,0.8160507499768856
0.02025846140637715,0.18770020432950185
-0.42742445586403705,-0.25714726692488477
-0.1633148173575548,-0.3212677494183337
0.03327677691295983,0.1447417245729556
-0.3452980732266908,-0.06703883559775527
0.11270940550370158,0.2142001482276276
-0.1801916069756415,0.14197128737206344
-0.08750812493798303,-0.021848673797061832
-0.18051198366881907,-0.25403811542052146
0.5556834553526813,-0.4544541674057594
-0.004049167421380176,-0.1339544856201063
-0.3173132786867701,0.2569196382970417
0.2467634736309567,0.06422812323906119
-0.36625309499130665,-0.3737216336135964
0.06265907850142662,0.0519542777553546
-0.5879010371639326,0.11559521391865103
-0.3984558146695291,-0.2651572308603399
0.059058370760737056,0.04611753178365837
0.22153997399862313,0.017462615533799967
0.051410484356991144,-0.34289108934918694
-0.03469448471647216,0.10733620810448498
-0.09033110867678663,0.1682353579104703
-0.4435565971102282,0.3249153729525831
-0.2159532625184126,0.31614061561047085
-0.13819163128793624,-0.4133008103871273
0.3171366678656747,-0.28134751197453683
0.10308548687053842,0.15451058016259792
-0.5289120466088202,0.15413578527366265
0.0972251908184385,0.15451430589181436
-0.11552468412489496,1.1558194471964163
-0.2030766000917876,0.17126715320795008
0.18350288665226036,0.3406696920541797
0.3092998567487853,0.2862005290479607
0.27938403573485954,0.1954173753917394
-0.25176525696679153,-0.09458077339210368
-0.09276371275536437,0.22769076614798023
0.09937902942106919,-0.23184756436127152
0.29266353813670776,-0.07104558202200266
-0.14375227135358698,-0.14560906434873103
-0.055697692999145135,0.024562241815896765
-0.33190049220180845,0.6943975700020526
-0.3588619872242012,-0.5601795577775244
0.2437577467182594,0.20587805711235405
0.4068720085712469,-0.4838147613568955
-0.021603036474100154,-0.14157955973683004
0.30105986936760726,0.32668517909020983
0.10849080751429024,0.01928400572863883
-0.19353592638153727,-0.3233234333787918
0.10841868165252418,-0.21459111277799045
0.46141096993979075,0.20387932468040273
-0.010747811732985462,-0.219109989515141
0.4693930967442018,0.06493757687459245
-0.7859235312269233,0.013671551971144134
0.24657075131256714,-0.19548010428174512
0.026114120471451365,0.6431832267975977
-0.08970220513976024,0.19017570669540337
0.027528232960650687,-0.6075427759972821
-0.5962706743802678,0.055936294430828294
-0.06590156635125358,-0.1985359394305164
0.10713377145352392,0.2557300004388672
0.4433682134224548,-0.23775622152981019
-0.1554810654820942,-0.034420932440069704
-0.24254808086795626,0.15149618369413714
-0.15052711307536096,0.2597265582510364
0.27462063531062225,-0.3600889221167329
0.09862533289790533,-0.1003503707522845
-0.15892806113011163,-0.14248359334828684
0.1539802299340068,-0.19599876977211356
0.029123264804412116,0.5296362720843291
0.29059349715986676,0.12149451328828666
-0.2106159281632057,-0.37826518630051353
-0.09829864397933046,0.2753585841164328
-0.11763244593964728,0.6366468591037899
-0.4390544844396356,0.30973957816534403
0.08883608311937281,-0.455810989786204
0.0783165816539668,-0.1452702218598754
0.001534036992738267,0.3800733447559868
-0.07037614001254407,-0.2123008396856342
-0.42461122261512424,0.13314582844386852
-0.1261935968296077,0.23239021602880103
-0.10281435495803085,-0.2780791414734249
-0.24068318076648565,-0.017857606818540022
-0.04838571349980274,-0.9723802020207217
0.12121525704436151,-0.30731629240028696
0.565855770363159,-0.07577044541794808
0.05237334384955169,-0.3743349545894548
0.07726511721682931,0.48972339117949054
-0.022333774729850164,-0.42904241338818977
-0.5756313645897124,-0.13201334600909512
-0.007954162634765062,0.0392221731858274
0.01806906298230793,0.43238198671983463
0.7389726337455859,-0.4307586453538318
-0.05770828943433676,0.3489491256464879
0.09046420270008373,0.0030699183058761144
-0.010413530911572993,-0.2944525953143853
-0.3506034112858596,0.1386310422789812
0.34284684435450613,0.059717908672041006
0.22557990980603224,-0.1800650631476384
0.23730958411291406,0.020940625497005674
-0.2728162364384217,-0.11559407905852806
0.4208382932808297,0.034055203575374414
-0.42055531883768427,0.198639202356314
0.1760571281400811,0.4758050448436056
0.6571366877429935,-0.3713446496480547
-0.2971608975392065,0.63991001239688
-0.16988931888083156,-0.5856263398567505
0.029895409526292365,-0.045535528510674994
-0.15104269623485975,0.17649516194537296
-0.4651990293198398,0.08429756032050979
0.020568892441808196,-0.18680985594617813
-0.31869111411783146,-0.062436675107182565
0.14207772919055447,-0.14790028039764985
-0.2758272702701409,-0.17680942708326344
0.4649803215052618,0.2548806291063074
-0.2349759877008711,0.1071046457895142
-0.09661845486170267,-0.20787287857819625
0.24405516521090093,0.2698799626299752
-0.36925929493018655,0.0921898562629828
0.06823798038123882,0.24385863565168803
0.3921428262847284,0.18888865257708368
-0.4822449703683682,-0.24869850327662169
0.05539015755969126,-0.16805431205909085
0.07796483827452706,0.22418808153697853
0.2345468615331931,0.18311107963003945
-0.3710852132634246,-0.00627047818924444
-0.3961369839252829,0.0351982149926346
0.15658246968506928,0.3832994687365275
0.08909540196995581,-0.17747141665074898
0.07514785510376296,0.16412921435101138
0.1039344628490927,-0.06065779573016822
-0.20400741647354723,-0.06530436096816608
0.06967610914830107,0.329633055596157
0.08792174198960437,0.24762490469640894
-0.21430542540791034,0.24405289080019155
0.559732353343427,0.3916436421462987
0.14214987627353626,0.006301152489827715
5.204585891388489,0.49349031405038507
4.906919973021963,-0.07471081186691349
5.097249905746533,0.17296708891672993
4.960957083689695,0.09337504636306083
5.029098789497816,0.9236642425365713
5.178547107631074,0.335872473430373
4.754533795029959,-0.03837527744422996
5.627716182705638,-0.2866621321801277
4.69819478555009,-0.4819338960772717
4.63574341616368,0.06103909076016693
5.3474332620500205,-0.226905223585291
5.237498808188881,-0.42667611287930224
5.1872359451156465,-0.19397186527275798
5.188503652779284,-0.32446440108431845
4.996325968145926,0.5061424905217694
4.730823688554251,0.26449192708483515
5.022741367458118,-0.0023917923949852114
4.796851486546366,0.44398324166700776
5.292535920025325,0.02321049229428549
4.955882785549359,-0.2583852603984791
4.752350840962246,0.45693722318089713
4.903584247504102,0.16167301310539758
5.123879436282687,-0.31117384629793693
4.830882634158808,-0.057101603425082456
4.753333881330071,-0.26268547601542713
5.073106163447574,-0.4148399192893008
5.0734899713326165,0.2778532642594924
4.847917047388661,0.5728249921410391
4.858688508314503,-0.41957027214574233
5.069614981207291,0.16889077100717126
4.565574697550803,-0.1951927707365481
4.577760867687034,-0.14613761512940882
4.784466733624269,-0.17771817727166075
4.9359658544864455,-0.2591972309039448
5.093272269679401,0.014556488383448097
5.442606865084866,-0.24928503492331133
5.257297886960606,0.08113704773395164
4.9520184410109716,-0.015071432834741084
4.9942951376291935,-0.07168441405992292
4.6992411906086575,-0.27226909861247933
4.994446059202283,-0.1730313991704998
4.913402408323958,0.22661736774772678
5.096815568101427,0.15027515628731422
4.751830716934303,-0.2932665734395653
5.1558039542723515,0.02979969162876776
5.459821673900773,0.2254161370115367
4.9673719554629425,-0.5008215843364116
5.120513516629682,0.1630080577139805
5.207043197513333,-0.198787127683754
4.879633858434249,0.1711796005779478
5.067227744543125,-0.22897774696275505
5.003777720234538,-0.5414646301993556
5.029302829564649,-0.4882627313649488
4.76809706484336,0.014425483998414597
5.007353052277683,0.07791675051644456
5.149399487373635,-0.2712949875313226
5.4353430823385125,0.19157773763321218
5.287781247825562,-0.49845601868068795
5.645954737253467,-0.01982393959419497
4.769795731133585,-0.363304859928737
5.2616961910162034,-0.19555083234064774
5.0550026017215055,0.014219601394924205
5.656940879965302,-0.2581240095851857
4.757510514393455,-0.1153666632689476
4.748083447345767,0.30188784276433217
4.820182206366793,-0.1730675608569446
4.362831282707058,0.2507076336195425
4.842273493495772,-0.33891205639728544
4.772260201533891,0.15894125337458484
5.045118135942862,0.4324705861973701
5.102526792733148,-0.7414933500381867
5.562851251764766,-0.23906857664114303
5.285127151455815,0.173121638154162
4.826928903301279,-0.0609136158128978
4.7304755985954925,0.11134376201139265
5.147575751451952,-0.18119555601474616
4.603930037893807,0.025976936241869975
5.549437629756306,-0.04670317061762384
5.353832036216386,0.3503346184979422
4.859247304368589,0.07632625299036393
4.486059641272737,0.10128079862256065
5.406161712249624,-0.1235630898367402
4.965638046424215,-0.14628186722174805
5.371344893592038,-0.12976745634588627
4.52167170236169,0.11833564271348905
4.820187493113868,-0.12629534424607888
5.001573109915455,0.08693245706892387
5.014094178129422,0.6226202395936317
4.864980358556227,0.2613374110295077
5.18685497970425,-0.09780705965035234
4.679713871185221,0.36036417664918347
4.9572861544936115,-0.12242261190646542
5.036088689513569,-0.6114373605533562
5.154331650217625,-0.30242589327522124
5.213484463426667,-0.5612375763077567
4.662607372448639,-0.1054540452123926
4.539765748779313,0.00552551375686551
5.383303046569552,0.5029311936825848
5.099694203593877,0.09807821212924879
4.775454039033034,-0.06573015864265927
5.465345592656757,0.24882167435504673
5.034702390287857,-0.6633405927023656
5.353789155219148,0.07068436743256978
5.020255544423033,0.23125955816609003
5.618224377464596,-0.44357587373395246
5.526602252732961,0.34312621296207874
4.925310755456278,0.10154892224832424
5.291471285286306,-0.12458637417024038
5.193612784875544,0.18983455983188544
5.410589467259705,0.6812078573413187
4.710522961825968,0.054559876517548546
5.205815437999532,0.07446617589010082
5.317527346054876,-0.13780826986207323
4.472378154073065,-0.2549533108394375
4.645022446200268,0.24910074496327367
4.388230346671969,-0.25682514777266013
4.919177949666633,0.02146987116581774
5.215262676738789,-0.143297234029535
5.450707115628808,0.14369394772391755
5.022228434125933,0.10009863158608448
5.4885846636713875,0.31126198327736976
4.585969562535532,-0.1530049196564241
4.488985268193454,-0.08096248058801138
4.983335690331014,-0.2936291147346922
5.115219634681792,-0.13328797802283346
4.990191575571772,0.11319014791345565
4.379767369988037,0.22709658499360555
4.973263988146163,-0.27664959725328764
4.608659149848544,0.26088177603169804
5.200901764649012,0.4066913576414853
5.109979473829054,0.12403047096711026
4.718036064101794,0.5630387437674198
4.845839924798992,-0.2321367597310719
4.682235943433315,-0.3733964109934251
4.981196270818049,-0.5336160746712836
5.286542696150372,0.4488132934467549
4.704282186099337,0.19630969690621733
5.151213954655353,-0.01667540127313652
4.840922714488268,0.08399058789594609
4.762138150321297,-0.3376467141895129
4.967890892013632,0.7337255938850479
4.689427303274188,0.03876635459256825
4.833905208395845,0.03281843838146786
4.640636632223345,0.2177299871696076
5.589417539874916,0.14430276952101395
5.010579065591519,0.06716520728373941
4.790082347602224,-0.23714233663359358
5.0641939732202665,0.1414405071407987
4.966301585092751,0.5646073489425101
4.933709120140033,0.40362601384649327
5.184250010013027,0.4779559879918191
5.2272523130141915,-0.15336470292935553
4.840849655716842,-0.2968814460775743
4.827254527806596,-0.03773607602989444
4.917484490854507,0.01671747368660838
4.309423650579324,0.32825745554128455
4.545442681340434,-0.5077393889144458
5.410062280233357,0.4588650958381841
-0.047402369573696826,5.128885465739776
-0.12806432098422602,5.062306306148933
-0.30363131257805026,5.081473651158612
-0.49645700155973077,4.616975427253907
0.24695117518857435,4.675683037877521
0.021995390156521164,5.315945855999871
-0.38698826992231616,4.9881334538430036
-0.3885236316190848,5.204450209211787
-0.10073540978703846,5.008495512839138
0.5007064575868179,5.008926841848724
-0.07787740540908143,5.2814851417928
-0.45094288593543186,4.845186581534787
-0.07372291922578329,5.028836233082295
-0.08181707092430114,4.8613174133884876
-0.8090659928824715,4.869651131770305
-0.01628845995534366,4.907248362959408
-0.06928035906260338,5.0666401314901135
0.2088619094440255,4.856375413500957
0.5546868284836035,5.376726837672056
0.3379695088643272,4.731617809334149
-0.08066660716644916,4.943938506751592
-0.3319577726225011,4.868080682517747
0.7720079409749581,5.43409336530612
0.017765530204346475,5.058966432953472
0.00417878757388386,5.309553361840591
-0.007237526133000983,4.5543318880889085
0.05942542823035648,5.080115079760778
-0.04330812357718274,5.266889238687031
-0.17209860206407088,5.024685196782627
-0.16405768237211762,5.3196441125196055
-0.009825981064799516,4.844813464969889
-0.16302743134012948,5.4228042320556735
-0.21385373480314931,5.689669437085775
0.03192906830756905,4.891148431868102
-0.07649316522625658,4.866349243579768
0.4511978965748066,5.436015343135311
-0.7952909425179036,5.473871643719214
0.3274520555767385,4.8431419918540195
0.3738255577492887,4.873943954871243
-0.6220170697224449,4.915464617341848
-0.10280627822410462,4.596664846689717
-0.11143225979873743,4.724404416054741
-0.42225350841534637,4.69875776997438
-0.23334500627726257,4.769660730468761
-0.33317275363974863,4.989594533783966
0.5256811330270867,5.0702644197609565
0.2807035179442383,5.4651501478442235
0.38146652849824764,4.700493787778362
0.21650161921297054,5.295296719542975
-0.33871553136516874,4.935803346732348
-0.1573560798839321,4.9851608871042705
0.1468123683683754,5.202445847649981
-0.3666383426675836,4.663183393531311
0.2138995290517164,5.114722923855215
-0.0720976194474405,5.049935662463917
-0.11244624226487925,5.1477353792024445
0.21328799046104743,5.086750593172345
0.13327899344581193,5.736590041973268
-0.10828984974572398,4.808678004724605
0.3477989410092744,4.840700913499455
-0.3243189982799692,4.8130578420725705
0.1847806820832791,4.833356864251924
0.17793037739051512,4.8087838618080445
-0.09286393179419708,5.356704959332266
0.0978399066726354,5.426151274396957
-0.3753340729155909,4.8287761118751575
0.2772081057620703,4.750293328068731
-0.055470640932896706,5.141424666915921
-0.15681690615571184,4.834333086715708
0.31470276775106676,5.1898795453266535
-0.21130310716282777,5.06087690625539
-0.42253838890906786,4.54527676550083
-0.4669887520571711,5.464251560399019
0.18180298540369189,5.538763301928657
-0.3841288057488849,4.816163392854684
0.5264382545953094,4.883689532019205
-0.6245788223651166,5.085759617217471
0.5089369104870114,5.100337036996107
0.06330524016078552,5.197563281801849
-0.029013933561117713,5.603061361629905
-0.16347572604268493,4.946915831751785
0.11974083430562125,4.7605108266384635
-0.011290410727454509,4.586204231595642
0.3309905646049564,4.780720988017424
0.034268294598611894,4.990061908137861
0.04509052843856328,5.538367359055337
-0.10908366366415675,4.844716610289149
-0.017083687116320235,5.067136385491669
0.09234053066761776,4.995073131178175
-0.5130505177969876,5.3565179820344255
-0.4044556266317139,5.7580797277620865
0.22297922820681448,4.840739368123904
0.05125963143838256,4.853168167244533
-0.05519500090580374,5.313248263120721
0.005530179919617947,5.204567446887894
0.1042745116085013,5.55401219772081
-0.16192790409280844,5.1751784555977896
-0.23349141762069378,4.892212372763882
0.05875357652930446,5.177196449207693
-0.2935118332845096,5.3326110741748725
0.12247582671434154,5.24614465435921
-0.5107750812713521,5.15218220933219
0.3087466911976931,5.320002406876746
0.1417792447239129,5.350788677133702
0.0768089202941627,5.414647697311258
0.29480729518365417,5.1946129662768925
0.49964233333877295,4.949864575904944
0.3043110195054391,5.044014105929997
-0.5522622693994935,5.361952689952507
-0.38387309002071046,4.754919298703829
-0.18744557330870365,5.11060199266187
0.007827315063250136,4.881998356301792
0.1552977061407369,5.008623446880446
-0.21772314394603967,5.38353555878219
0.0560300293431235,5.057329720405971
-0.22661487970599675,5.013930964446844
-0.18345534089758447,4.592043157706025
-0.42199832905446666,5.223876069808166
-0.27696997383327127,5.193645254342322
-0.4055053816849001,5.648976416991638
-0.2927619758931998,4.9076665295141
0.31609253898235184,5.065745098299182
-0.2848196666495829,5.074815105113227
0.7897146194512172,5.473235983929042
0.14799537026426676,4.971411340283915
0.055450837108462166,5.083706457731102
-0.25750733405436405,5.1823689529149615
0.2100929638226974,5.055982736946907
-0.17269134787133217,4.866069915634841
0.03660294439360843,5.058226997869492
0.7680253614806384,5.322089524957931
-0.02881796991739496,4.692045410176682
0.34478199788570274,5.039890902244063
-0.2109529275377662,4.789963755518248
-0.010496547149088509,5.358513988677453
0.531240190690653,4.543043928564868
-0.18809011733633021,4.832323445818523
0.5437345673990785,5.1131635625193566
0.2123255806366426,5.469657208770302
-0.16874003276828028,4.980274921678103
0.1897223217166563,4.833440141992041
0.29176633488801895,5.564347120832177
0.18654298866515892,4.565595829875127
-0.4710674159671369,4.3403582130139755
-0.21814115274746057,5.132004335016
-0.07425559066545143,4.849383732694217
-0.022330028730013884,4.693630154860786
0.1862016292652034,5.212506934189806
0.05331030027997615,5.073140214131359
-0.40060330761303037,4.830776410778982
0.11405935530178896,4.615908680398732
0.18317572358514694,5.2617371984840435
0.16793713437931193,5.195060353387598
0.32423421766638655,4.970247240866185
0.2501766463646712,5.5539910988143
0.137754023768531,4.678974570102154
-0.021049713437594108,4.542342448722579
-0.4982882800547974,4.7924275790356266
4.986324195093351,5.1838321715187705
5.073001834796807,4.683975331047903
4.927629182643101,4.812869311791259
5.105616618954289,5.574209406160036
4.6245381727428665,4.942795279770996
5.433129381221978,5.065229861953917
4.975354646482229,5.261020319206626
5.335188749476439,5.148704566391781
5.102817603913311,5.045125671543073
5.137025965746135,5.1094883007398675
5.170930184069661,5.721024675571482
5.134312568005194,4.982714360889925
5.192816827960264,5.0603297140144905
5.39874575903973,5.3151963188022835
5.058956350910441,5.331657779887395
5.212701127276554,5.356109091668114
4.973079291713832,5.191619066608755
5.432035164634842,4.657098526180855
4.797082309382219,5.490029459690328
5.540282129873245,4.656096382094393
4.987952614806697,5.0907906395717095
4.5707674693645854,4.7737172449941925
5.038431324473237,4.980758496022102
4.795684502757536,5.0986287230910445
5.252193064696617,5.096407164635082
4.804212806209283,5.126576226270585
4.866144970035566,5.484113380717594
4.433137780716341,5.136060290454194
4.864308104225277,4.926753009412805
4.272836202011313,5.289226150486507
4.524829152954283,5.356841146677392
5.228124396843289,4.631717655458902
5.235740047595249,5.179220020954958
5.12763726853549,5.210351822693269
4.709907157061236,4.910730948992002
4.985686593157406,5.412712043993486
4.99891923827283,4.954983323890242
4.652490593242237,5.037672936041463
5.451019490530145,4.948078452714839
5.2632086871727015,5.00467371427444
4.933710747851101,4.67111747393144
5.008065751698359,4.567984735221712
5.062514842384266,5.478351518967491
4.387479539472713,4.745911595504501
4.925846785243821,4.702582295163108
4.79540472560066,4.353982965918886
4.699513997031525,4.8083114756931495
4.915669912134214,4.60307306197775
5.5393059580548565,5.4926045480409105
5.192252858380103,5.30294512680279
4.828646303065161,4.7935548964466825
5.171774834406848,5.675730741603292
5.419806630975801,5.2945296460974784
5.277390104873831,4.902550584947413
5.017889110976053,4.250178285537928
4.805918966688328,5.687282771777222
5.209466994084077,4.5831282599709215
5.118045615626525,4.506380375912933
5.26855796600832,5.306771129602892
5.1905515405045906,5.731925721901781
5.314865814595801,5.415281845553156
4.839429436531829,5.169172736015708
5.395218219690298,5.178426302499585
5.05927988140772,5.256024667634092
5.62257826178758,5.22767857693603
4.793243654573129,5.084357427190813
5.520789140949574,5.031260331185563
5.0593732350387945,4.9812220616301435
4.804574598915665,4.7738106233399975
4.854834249783703,4.915797476939968
4.903895807541704,4.492112955741384
5.127249783920575,4.970498111961575
5.15685064641065,4.703422667854725
4.827889998818426,4.668923204835269
4.992693622321705,5.053968245346043
5.6426811075835595,5.41760068590338
5.518262951030214,5.275494981800694
5.130897100902209,4.528849818913047
5.01140104345046,4.7031115590288985
5.036009398015478,5.282231356396465
5.184055391819125,4.705253781938507
4.693162230440478,4.932610055000892
4.922787038772997,5.165015629707366
4.499424777836723,4.709496663540909
5.119766936781584,5.031612651843788
5.194158781910822,4.599792351524538
4.8550440613101875,4.819589706814636
5.4721960289870095,5.095934580242761
4.632270301099298,4.522101879940499
4.560687535937054,5.13214242138812
5.067335545567992,4.994108660321996
5.314129490783646,5.165746986325145
5.505178307437361,5.067174240219399
4.862334721139318,5.409242128992153
5.323604250029389,5.037567350794372
4.988447459149788,4.871178337662424
4.948211810017754,5.036689250909685
5.265097981246002,5.162989408710916
5.1956968635240255,5.014658021097711
4.527082352904725,5.012177507361165
5.442962104917768,4.789402493657973
5.4140274062442355,4.801129724734715
4.812331189547141,4.579218418460092
5.118741060031223,5.524873022956082
5.148209055884822,4.626841029382614
5.078202129747172,4.7921284406612275
4.834908453846374,4.784477820329241
4.798512989618585,5.2684773130833324
4.992333778702567,4.9115150965123915
5.351818705777809,5.37432262180212
5.1630800463783295,4.797952812726839
4.888815700374169,5.08369824866714
5.231509613194503,4.749395884022073
4.145437213810977,5.643544738332016
5.344629710111631,4.643720474291146
4.47808586636657,5.0929462130681085
4.89126771757906,5.19013306427963
4.664099031612157,5.124139729235449
4.611595557283728,4.944413702336687
5.348248036213556,4.961053790079972
4.859689639606432,5.013143441593733
5.103951164519215,4.955899399511454
4.985923826336244,5.289163735038473
5.143112248166936,5.663156900477405
5.023046567318077,4.83275246449765
4.6151023327434295,4.589059106126276
5.298880045834142,4.973515385494624
4.8518730250516064,5.773912801296295
4.533025430402075,4.758897629609081
4.871565451710226,5.49173504163322
5.450227937190293,5.5033102442229325
5.255066522634047,4.833923527487602
4.895404359677642,5.170694923755582
4.895222688704472,5.488518986938561
4.903509484634785,4.886261677703754
5.623024395068252,4.9389258919692915
5.114580635669466,4.825495725815407
5.129012494157321,4.69557298079214
5.309085036209552,4.805216736480197
5.071636747707954,4.632817919971323
4.922287356253789,5.010225040477768
4.941095045274507,4.769008030682407
4.978519622175781,5.070135773537224
4.988833329047048,4.533231306138912
5.218288863091094,5.099264069664337
5.01558376574219,5.250058688482677
5.219792023164674,4.401879307228564
4.975785025967426,5.112216970954272
5.023590557094828,5.368300697741987
4.400539794640368,4.637107694392638
5.274898302410745,5.501771716051311
5.103946542769398,5.125705702809814
5.299403032957896,4.788496443272478
4.131123386541893,4.983269276702688
5.626512411434218,5.167498073756517
4.958123111553448,5.022801617423723
5.332454845021255,5.161626797733911
4.688028221862341,4.72379792207619
0.050808247210823394,9.890514181137135
-0.42411434907149403,9.748237099798299
-0.033367818404610096,9.68655724179369
-0.2711722924394369,9.4100930231872
-0.22065898277692997,10.616862138982096
0.3708279525631312,9.669037490283495
0.3273930361782807,9.933623912924268
0.18274143627215308,9.916956010033324
-0.32769382940177366,10.09222200934273
-0.09492253490844058,10.244721163761788
0.363929309993755,10.258142046507924
0.04251507409197142,9.825076768429318
0.6957988619945082,9.949863485864077
0.11799535181831156,10.084773985146489
0.05761473494700947,9.925392662144937
-0.09273493926075041,10.482203672805998
0.040062271434684694,10.147292485491475
-0.04574095091416317,10.220463335814944
0.21243260300657713,10.198864380600224
0.28701069503837523,10.352042157245597
-0.23579683815238484,10.054306467611113
-0.3993698860673334,9.610950415613246
-0.5508616119309889,10.119906385525793
0.1523973980737631,9.804592931862452
-0.33100998185216207,9.841414995475073
-0.6458671778857449,10.175909205626528
0.11657358135928922,10.37148492143009
0.7478998552298372,10.006381473020818
-0.001821273461967997,10.092649903779689
0.25154723233549253,10.51066448339057
0.0245488075642695,10.072225953846571
-0.029666895957342797,10.780504934254118
0.27572294489633054,10.169652893689463
-0.0870823632565954,9.471771172253256
0.08021769422157088,10.22600248633136
0.09650934185880408,10.114347515464834
-0.20042713609291463,10.386925826224823
0.2976127048609568,10.201954405380988
-0.05248792700862259,9.958463204804868
-0.2267235478478534,9.63271052911319
0.16095295307112106,9.937293022814192
-0.26954039453731116,9.74484386373721
0.008454347210738474,9.825842965058584
-0.002735698993261063,10.176573521326183
0.32576866974947344,10.500971351305422
0.14240946986398584,10.118401458946895
-0.007508087623543175,9.641235081389445
0.24532988976008613,10.133380800466043
0.417062264705194,10.358989445993695
0.16734309190555866,9.817065128704185
0.003105785953014182,9.959794849998124
-0.3935508697050479,10.004406458418758
-0.31953409892261175,9.764530506075328
-0.0915674113064003,10.194484130153159
-0.18285366064778494,9.963715555417666
-0.0560913908956338,10.125859733172108
0.016994977469132148,9.73375234665937
0.15890782630701925,9.868762509902977
-0.021149633417727364,10.21671440734833
0.14595049314786057,9.88815005437247
0.01934232444303607,10.51808915537002
-0.5926399699061614,9.88010914431562
-0.2818006181456263,10.067405417725565
-0.04322626671648464,10.279777249561928
-0.36290842285233227,9.57449028012009
0.17997861899886133,9.471757356405767
0.4592252497031092,9.54230310562897
0.365628555509195,10.378775231028154
-0.0640328612790624,9.834442556232267
0.4472178410549856,10.767459785700476
0.044600237160633466,9.830725720402784
-0.1011257913354118,10.05536539095911
-0.18402079906228191,10.462632985770362
-0.0907409059464385,10.601827866447737
-0.11645304556236863,10.618451072990919
0.05112486671264631,10.362509869177943
0.04817219431495937,10.307218757743438
0.0009138060460243408,10.177758084760354
0.13108145092390494,10.23350832284999
0.3571938824359024,9.83464428510144
0.2848662406323971,9.754540334973308
-0.44546939053497103,9.998987662776715
-0.7661763404705865,9.94894461324252
0.2802959733717821,9.864031585201818
-0.41006360952462634,10.208916234237014
-0.06742962056780506,10.286591562571154
-0.35103390781780786,10.026522065887555
-0.5405941312740059,10.443259024316578
0.1624388184614364,9.657493265759948
0.22774654809079403,9.941902162216085
-0.17295312021801582,9.784953303819158
-0.7773126876434729,9.440039014878082
-0.16387333447574481,9.97519579424719
0.11754120162076395,9.963475747485015
-0.4436734706322386,10.454034922972639
0.05500797593374669,10.189243505366433
-0.004592954751898667,9.692743952701239
0.17378744988032652,10.556227769900257
0.035874110524245974,10.366310108657606
-0.29192068226446666,10.174629311040585
0.35897145049934737,9.93205477034505
-0.047558871908091,9.712168228982955
-0.008191361852979558,9.888337967178684
-0.2799803877219588,10.326624585911256
-0.1329846753574531,10.565375891780382
-0.26544081420807025,10.462973058481657
-0.051883817977026896,9.853345173464119
0.513512544042703,9.664114770013297
-0.4115703428794069,10.042265874073362
-0.4840684193630223,9.469468190331144
0.44135109824808255,10.096950314255434
-0.06279710314555983,9.9557192241104
-0.20072182159797497,9.860189049439528
0.3119714062188229,9.521589079819961
-0.18168466192105923,10.154080031970915
0.5478029140640809,9.840189748101427
0.2033777614017807,9.649024949286913
-0.1463734224437108,9.138321336015505
0.647192463979651,9.99174552848481
-0.1817144769010015,10.531675479000922
0.2226286116027921,10.498377764364362
0.08978777412194758,9.862871123024119
0.3905223868196394,9.819336381891466
0.4684533590180558,10.140632276822506
0.009601244719729988,9.700484368243513
-0.22602536110385502,10.09053756994584
0.13799164288173493,10.229824083515407
-0.20331461092563183,10.368079967165292
0.6040161742579869,9.969953777056014
0.04096059932482123,9.93889787494691
-0.1095964653936326,9.736605223973031
0.05540409175947252,9.751935893788042
-0.40413788685890895,9.932056332429543
-0.2914842115531954,10.110209652044853
0.3601241723833276,10.274075387869974
-0.1970682836914187,9.759046314795896
-0.31407329480458185,10.447806570687856
0.16099582575818586,9.918662919687229
0.35571124639889906,9.99358981169547
0.21568599319952,9.775836496255653
0.2988143057417449,9.272727921918118
-0.22703852657083823,10.265213618908314
-0.42654320002255314,10.22105316912773
0.450400095586646,9.915601732864536
-0.09680395165264072,10.020097215167462
-0.0752499049365142,10.15478176531123
0.39845824255471735,9.531236242934037
0.16686900282019798,9.841284196796112
0.1367663316244823,10.238279403886548
0.6495007034703252,9.623713173049225
-0.1930554691140429,10.088067379649988
0.2783520384243711,9.593025458612978
0.01710393746912535,10.139928994730058
0.08057768365897708,9.989307555310756
0.4585405279237595,9.515460455228347
0.1523507268868871,10.349421806337151
0.16148882371488987,9.779622526960585
0.3217522011929406,9.756924268895686
-3.1740942892524906,-5.464404732902468
6.642752571762191,4.001818142526176
-1.0463595896454558,13.607025891229428
-3.8967210760152233,14.821612283846695
-0.639287866701526,13.352962836354775
4.118995555162947,12.010890035748899
10.39370151551371,0.3012701595275109
10.016997515576833,2.4999747204502984
0.5387756800803265,1.4320213786967502
3.1057553907149327,-2.619280783432966
3.3083511305972877,5.811262360101406
6.736414489904492,12.16191166386747
1.4432443084482554,0.6042402439990626
-1.5388557912899232,-1.7387502373985306
-4.859840508190271,1.4768513467202755
-1.3591656368857459,15.04998618643024
3.3741713731986156,1.5818973384755441
3.748917514545184,-2.9444503462994533
1.5025614333260933,7.650023060244699
2.241129065532407,2.7674678988030603
10.555648409308644,13.177005702771995
4.45594079874512,6.41322013497275
4.410733733614125,-1.5932610440179547
0.697274803429357,-5.1140215155139295
2.0212783287311398,5.8399711989837595
-2.0589372729177566,14.998028578426153
9.16601988135325,9.736318650789476
2.973681902253091,12.951958999896918
-3.6577436015316613,11.223488551941108
-3.7537656122298944,11.303993114421234
-1.2682753187471114,13.106870460976504
9.73553761230413,-2.7356385708105755
1.8093537000232987,15.366925555287578
2.150724170237079,12.81226986495289
3.88499129679397,2.19212817316299
-1.10335200344662,-1.5516916445863451
6.734708262065693,2.435991043418065
2.6095992816335176,4.737119414106365
3.696414470021157,12.856420023334804
10.33979477903449,2.893752270445006
7.816866265931495,10.658305098592871
3.6346656635621724,14.824403497833318
-2.508051242360964,-3.5955683856497496
8.252277624156111,3.580395316829364
8.137128981578988,13.454908447927268
-4.780638827089309,13.245527309161334
1.5729586540590548,5.130999101111213
4.508410601253271,14.179114234421723
-5.49430025061997,4.400340992279665
5.514969884388046,9.748581235975482
