-13.701237723855066,10.766555223086351
3.251730254375097,6.694144754424463
-3.867857559757763,13.274928724968069
-10.364308633870518,-9.600105782189184
-10.553291387382849,-10.146912449048562
3.3112525852979875,6.28696767450899
3.5964754776823478,6.216480472087122
-3.651750193673917,13.527725392688383
-13.228985072505473,11.119580512679685
7.489030497766947,2.0803847826995407
7.782302111092795,2.835236506132909
-2.8810693144385775,13.723920047777964
7.756411567661852,2.7041466876955056
-12.56238786044536,11.264189526423987
-11.165919193824596,-10.369334203311295
-13.194879383630063,10.77058160268543
6.578188676070894,2.0573134755788383
-2.6064671512423714,12.587796596001612
7.256368883326345,2.8049813062541027
2.7356197052745173,6.929396380466773
-10.966781524587358,-9.739750996224661
7.792555476573441,3.4669395584201634
2.248012276262014,5.678793599426463
-9.396122288703072,-10.855206773076997
-10.821511170102939,-10.704063172465984
-13.35013546439287,10.920374023381344
-3.731656425031394,12.982556803332832
-9.998079406793133,-9.655588124847704
6.998502408165962,2.529112425246966
3.3430274827988624,7.270925068737214
-13.53342070790024,12.264384016082182
-13.82833619202077,10.888454643608197
-3.6385500094061873,13.694653297045974
-13.196342883437875,11.256933387766251
-4.776367727907929,13.6146563496822
6.836946722299181,2.823392741037263
-3.872637036192736,14.07081761829108
2.791919826454544,6.31557383987414
-3.3573653751596457,13.836243613259292
7.276209187395295,4.0951009548132955
6.530639364251546,3.309909465615594
2.7654686297392397,6.646206233021938
-10.289625601766817,-10.643632778766706
-10.135104132290454,-10.5168337960776
-4.064115779538528,13.375582317400848
-3.602437154410081,13.107813720521325
2.533799236148808,5.989789873267257
-3.4509627606966227,13.092850414089344
-9.926540707401488,-10.107435609021438
-10.168123054107388,-10.697302314923599
-4.223508551696027,14.296396394806255
-13.103788286049467,11.393152979517705
7.374521044933897,1.8541868714071554
-4.251137269692786,13.914971494168713
-13.343964664915728,11.841138613319227
-12.775552076556561,12.090545874043732
-13.057647659077695,10.659605926352143
-3.6083426517801236,14.259107300772262
-3.5919872897948952,12.639909114616119
2.7221256714290374,6.339481061499987
-3.1923850273216154,13.897395708640873
-3.8216205757732458,13.37087734450284
2.7523663390071125,6.137566397009101
-3.8736323784978817,13.699985478053359
7.089679505202894,2.5075962133588936
7.218647764576715,2.596882619334365
-4.25906459714447,13.2382803274961
7.31369422206989,2.678521137963964
-2.9475907826133083,12.806358503317169
6.943441619234154,2.6880421403442156
-10.128473060611128,-10.105143566318386
3.275816760943501,5.818999006385928
-9.609188662731977,-10.605537536788658
2.7657862593193023,6.1969106927292845
-3.3139964968625004,13.67507895273579
6.426008039650855,2.8885647834004513
-3.7179160463113745,12.52764473499704
6.522009127649774,2.2683546604289297
-12.492116218782169,11.594665299096715
6.404530331609239,3.8358897476229092
-9.619763068433903,-9.857847548457535
3.510018669252886,6.385739416482277
-13.780947126294986,11.253610749511699
-10.255388579271509,-10.66069021865136
-13.268175282128235,10.611678533674144
7.9901922167831465,3.8374249471327
-13.443595022989543,11.52965868310015
7.077625533396436,3.3451871228545813
-9.47747694099797,-10.54960652134839
-3.713970752035305,13.269691365239387
3.067378107559965,6.668564171442474
-10.945210498822126,-9.59828208787729
-10.63222213748167,-10.122262623195216
6.687358710937678,3.1593225830871337
-13.110712668870702,10.306993470936353
5.723996004278508,2.5613068981758595
6.62850637486923,3.2450538602076775
-12.097826864963169,11.181943292945242
6.156595094213367,3.0614863438447095
-4.723182042228647,13.508172254572877
-12.226739846635818,11.589467488544628
-13.271249087479335,11.871410171582928
6.822292405766331,1.8087939435433056
-9.529654713861548,-10.581594403490554
-9.828558043231107,-10.482580081668232
-9.275253434336541,-10.389959203991507
-3.7152576599051055,14.005751687563931
-11.082203372189273,-10.666118424854542
3.5714539215955625,6.252833158217336
-10.561034017876592,-9.533171008268903
-3.9870539106126364,13.949628589459222
7.721380292976981,3.2292095477534275
-13.123795477918065,11.146133276346063
3.387557563924542,6.358785399513116
3.493064819583865,5.908105291111868
-13.298831977875366,10.924410619056415
-10.32765223476328,-9.725967753189877
-10.229493711150164,-9.62416324674162
-3.77330453853047,13.020164509978581
-12.978328178693156,11.023287068954263
-3.585288691596602,13.174974394667158
6.646334725448269,3.8659788049095622
-10.208373900910047,-10.559538700745659
7.166535705954003,3.898152432190131
-10.545593946351442,-11.532104053228398
6.694689445155933,2.563318109779926
-13.38183719804579,11.788957161258052
7.224720343299794,3.680538836240048
-13.271143904708982,10.518650393711459
6.835336180102616,3.4455400013882755
3.068476433852854,6.82311648518546
-4.006478208493678,13.562366261990647
-10.174856464772995,-9.092514319958473
3.6920078859661962,6.1831430703858254
-13.301632659129643,12.275139042075216
-10.300439047642804,-10.260148726554789
2.7590878984257827,6.288599784451923
-12.909297911225659,11.462936977533312
-10.402999826885331,-10.246807546697259
3.68562047373534,5.410931339863528
-12.493257421747751,11.239202251392868
3.8395606664239756,6.690596991814131
-12.500766763332951,11.300690215525446
7.474396073004975,3.1960532671176196
3.208765401933043,6.486770898955196
-10.479614440824065,-10.108081416712961
-2.6688949679702896,13.117280049619911
6.485118809926181,4.275945558329793
7.374986162614276,2.5317126129566643
-13.145534567921686,11.667354588234979
2.639558476342144,5.931753534755807
1.6818342057966449,6.5811149936468185
-4.1765450329753815,13.360736271470989
-13.204803881881036,10.318271625788954
-13.063202332688535,12.231784131964451
7.394621214394983,3.6375734553135732
-13.027505563484459,10.646426688372003
6.8323296456317255,3.7117510202024424
6.663621292222718,2.52775914107119
6.737671624304097,3.148404772433524
-10.598901710362698,-10.13155845238166
3.0966401420694694,7.211641833410507
-13.752305703239186,11.455669967242164
2.866062686242993,6.040353102260367
3.167013677802005,6.496539845496332
3.023740549352397,6.090587442464227
-12.986760270851622,11.36486195339938
-3.650066467277061,14.1750005694387
-3.1249639866849135,13.22564349787957
-9.455669201676548,-10.102002555076904
3.6663042727286137,5.809089909774115
-4.172906776195862,14.567622830140216
3.0947855102936614,7.054516563116145
7.427657450915883,3.5955320734081773
2.6622150594472394,5.582166078271012
-13.809174938040954,9.908839076771816
-3.420666339391869,12.715071256702661
6.498201631286701,2.283912223102931
-10.252955949653467,-10.670224797383506
-3.9941158200590197,14.049990305406943
7.534454917484991,2.6081663133481543
3.0711671717470597,5.441194427932781
6.572923654790366,2.3374271742553896
-9.51258515219758,-10.09339723915693
-9.978495041913748,-9.396810727045903
7.338312562664829,2.498671863822285
-12.659175891631191,10.680392921088366
-9.933591431402732,-11.744435700228959
7.143117377390577,2.48981463274742
3.6886047253560674,6.940019239276343
-10.305281598661674,-10.305286320166047
-3.72027290046004,13.371925517064552
7.157044325531301,2.7492622855009667
-3.2222708129914874,14.048330218314938
7.315298238443899,3.181886181654118
-3.9838186779276175,13.586799480940531
-3.502825651770677,13.66992152891408
-9.909199696128223,-10.066527374360271
-13.22399627634158,11.243253982100105
-13.86233900637457,11.285248738246159
6.307583504089727,3.2945908003261173
-10.176508091364452,-10.152935994920407
6.314837804471626,2.31221513987929
-12.868311096870698,10.70969151508379
7.122884765463212,2.3341977377184464
6.840344230908948,2.505972694890299
-10.034557146610803,-10.096310109905263
-4.2178084723397316,12.815277341629841
2.7275658068436206,6.223658935357159
-13.267310534417357,11.26152935045663
3.2170940089969338,7.161269172278926
-13.260527090723963,11.404529760473878
-10.597040550073503,-9.379585855193625
-3.7288953920841164,13.328772393866606
-10.36708855292038,-10.18065362702875
2.9936296566734057,6.468363232006232
6.607646409070774,2.2555238777293183
7.014515651644599,3.322637837860444
-10.339519762049076,-11.035551940972944
-10.278298792089192,-9.787424202381244
-3.3575335233820267,14.199549206582898
6.716015142305906,2.7434754320012877
1.957542651631611,5.882600674260155
7.149917179845135,3.2650473985530097
-9.627304377471646,-10.038209829887741
-10.236214682620377,-10.073938757909845
6.9036542294967385,2.8492697261444864
3.45376036554854,6.515544117982055
3.5086041482830512,7.0974840201723275
-13.451580044224631,11.0704924844358
-3.6642665867923907,13.22132075371809
-12.606620990254617,11.766039971611482
-10.40791440047393,-10.719313012183147
-10.414781987108578,-10.211447953324058
-10.013053834195619,-10.846872171500747
-3.8210663572054346,14.140337348284216
4.064712811917836,5.708410876754229
-13.851290844468773,11.14019472836157
6.928478705705567,3.437325686161717
6.697558121202266,3.204441806525057
6.256062406983243,2.5708461821156603
-14.020319792239064,11.616576424961648
6.839655555263086,2.772344122136299
-13.66659107666517,10.98359714454258
-14.469611765090487,11.427307071428581
7.163944632199389,2.1084627237921776
2.6196552419719037,6.285249275404553
-4.539128150112192,13.5557106797005
-12.782714567233354,10.242835389023105
6.319603578094012,3.8371516169032804
-4.001269090159604,13.19476457601063
-13.439967999725459,10.565679539578554
-12.394009709337315,10.785466280440755
-10.027476694063923,-10.499810435307449
-13.968396968324939,11.7359511992258
2.6286485923354403,6.45420785611341
-13.558175456929623,11.145175340319325
-3.5849027544049843,13.801821455481603
-3.8396889820969173,13.815587795539773
3.202692274027109,6.094476628811851
4.118921711045171,6.154234427665196
3.1994405175807707,6.337427173770898
4.355622025804781,5.490692169683788
-13.190721182562875,10.909049455057785
3.1216711299348763,6.058663414339704
6.671999341223266,3.0207594332337786
1.9471155792892454,6.665888172456576
-10.480258312335595,-9.281790398133499
-11.009100400734168,-10.68562940988488
-3.030972050118349,13.408541042054217
2.4364878490967357,6.3136488812632185
-3.995505280985357,13.288564315512357
-3.490247743994107,13.420332866080539
-4.205725152679692,13.59829174527025
-3.390149632017495,13.826614325014217
-10.645149788534129,-10.562107306941082
-13.615902795255419,10.052016064711527
-3.3527663545818807,14.46982568362446
3.3819275545516314,6.07526758900336
-10.638134350380163,-9.725656124360144
6.636531812220889,2.4189805241039006
-13.966674501420533,10.104879967257668
-10.529534195274833,-10.461056694344174
-11.043447736935025,-11.41956736822396
7.276022123869914,3.446031750724463
-13.608487478857395,10.653833914472582
-10.012681800361696,-10.831560672513122
-13.560299404822448,11.898289230021525
-13.19770145074694,10.498749902807278
7.248354317932423,2.8582318328896017
7.0507513818714,3.083864819061266
-3.184498645075424,13.11108803312163
-4.114822981517802,13.357598118998602
2.7272316649760446,6.422929096484416
6.698456744082633,3.4842591388295427
-12.422539382778313,11.182620138159548
-9.581170611863957,-9.630118712840193
-12.92605100062031,11.57202130199072
-4.213003770253304,13.767388778050739
3.4690990010248854,5.56918749375799
-10.867578330174505,-11.040189831211068
2.4882508135748402,6.9476435237545004
-10.305068375259495,-9.680938458610271
-13.616695267738615,11.432746561720277
-4.294948291442179,13.758225407615077
-10.34417264155312,-9.982754643830617
-10.280123191568858,-11.319264732179974
7.9008305025796695,3.6324645489885867
7.27911448373084,2.128994494776618
-4.382271790018167,12.861200885755348
-12.178837528321264,10.682426911746388
-4.103808795368371,13.637556040877987
-10.267340234750966,-10.35146095386368
6.984079068314567,2.544279467705579
-13.440152410610072,11.07762452618051
-9.544190540319866,-10.819341410283315
2.979799280294149,6.466035796786504
-4.174906632362341,13.643272798043443
2.710336697374362,7.129832780186121
-12.8890696864078,10.84462059468895
3.475005240869843,6.203258735374964
-9.827279587488613,-10.427158812026674
-13.558597665134906,11.219671501285568
2.9210223613922244,5.917176043469635
2.710468262733996,5.842581330556238
-3.886490492580561,13.14456111011874
3.7296830023284278,6.117154076581889
-3.6350212392177434,13.484206234414403
7.151850978811806,2.9434071518640517
-3.2885845154861006,13.232977364466285
3.290003251384305,6.112403995089407
-10.493766853930834,-10.494793242073134
-13.958794270853863,11.860072744841526
2.2810901652807622,6.622205315726166
-3.3510882600851106,13.928184010297805
-12.250798011190705,11.053552038789425
-3.9351536928425106,13.120290557686676
-10.880801797508054,-10.128959516821894
-9.861276949375663,-10.146920151964924
3.0202474738168,6.382257913291168
-10.932323618228075,-11.05235183001883
-9.939976491833521,-10.179568677929232
-4.035987796841717,13.576890487152419
-10.339218363655231,-9.979414041227608
-10.594593363649615,-10.655976073882945
-13.326719626945904,10.373135255103374
-3.5830986318249187,14.29044747553047
7.315625693386598,2.3974334799921633
2.418675555070055,6.490526945499626
2.969181596576798,5.301252811132546
3.970099240405036,6.78220136673869
-12.759467792051108,10.606886828963326
3.1750942880693347,6.112724847029327
6.4650158442128625,2.896861065861274
6.825114837119874,3.318525653809079
2.530179069656443,6.812116614445888
-4.427889459028341,13.619859810232047
-9.821307377003334,-10.567042681494577
2.525539442807065,6.273017258805351
-4.471481805604332,13.311106530914806
-3.3276361162187866,13.613100195166663
-9.56774163584333,-9.881483244626084
-9.860282483725747,-11.105414691725509
-12.418641227915796,10.708490252394059
6.922601539792129,3.270090574686437
-3.592918446690546,14.45951461190543
3.1176808404310705,6.900976101685345
7.20032287021051,3.071696538050664
6.4537660667120695,2.1323261899782135
-13.161467076709,10.830726141146807
-10.59555230886739,-10.003698481036164
6.5816428817000014,2.248627671112261
-3.0248494122083676,13.262294083160661
-9.766677820247912,-9.72664923713373
-13.44705550544776,10.883494193196876
6.779335171432613,3.539419427593222
-3.4187244387235696,13.320818956354568
2.9662959815609895,6.647581470461256
6.368188998009265,1.9401384370310477
6.791925904697089,3.7942652885557946
-3.7572954886401724,14.248196230876145
2.9892688726935956,6.057171818940302
-3.6413131490247643,13.26795760461192
3.306592476298113,6.245388468786834
-13.842548147983695,10.084294154458046
-13.36421307041912,11.730647441673032
-13.103075128654535,11.836391845565675
-12.9883435954292,11.521538041902957
3.1680138229188173,6.07058119613266
6.63449696978124,2.71619183402875
-12.229388069983855,10.433680190387214
-3.999315587388287,13.637454160976304
6.83002257866035,2.208183049352045
-10.412876608807585,-10.540029919051008
6.671432589057987,3.337450138823976
5.918853550400292,3.807982710056117
-3.633855037454914,13.912340628186142
3.289051652058754,6.929006606462844
-13.172811222935977,10.278427124795567
-10.625835131969097,-10.514015169881912
-10.047640709429688,-10.505471555956973
-9.899119012232543,-10.646476379565115
2.555889062621587,6.4539768666780954
-13.940930984161726,10.872901672301715
-4.626255350835642,13.240285427677
-10.578085011777091,-9.61549066982113
-3.2482966733311502,13.987069251855585
-3.2762365678702503,13.447900501546416
-4.143362765355975,13.59662608553559
-10.119829225424265,-9.99656642006255
7.123281941224234,2.850204261506666
5.940755986753226,2.455711370452396
6.0393811386763305,2.319966042543247
-12.797953393460132,10.84014710115373
6.596249666429719,2.8359952081353454
7.145391191027807,2.657761932553188
-10.099433561700238,-10.571191502090226
4.07049168717125,5.782485038088153
-13.59423694707595,11.124781454359958
-3.761239706257895,13.404135625609912
-3.2867955528325243,13.847124817950386
-4.128979750437694,13.629658487088474
2.1469341181928225,6.873138084238361
6.647408965494313,2.972800051016515
-10.95959298606235,-9.883935725773847
7.174627363908446,3.0635983694926536
2.9104191082312894,5.820554036223269
-9.62836129120814,-9.995809446119098
-10.44005881565507,-10.144136691656772
-14.053988501719852,11.205521742228257
-10.536688900443062,-10.474750451648239
-3.625451034914116,13.935020816815499
-13.609997562833222,10.957399834419203
7.560425215424125,2.755716839400322
-3.043159790046068,12.803498116707766
-10.185915653792275,-9.875348992102202
-3.182214558501646,13.52654572280728
-3.3060953757280886,13.685804747127328
-10.148078113538052,-10.091787780337029
-9.281810350414272,-10.664758298958704
3.561478756829289,6.353796790945945
3.24785860246155,6.588730137512937
-12.521906471207211,10.880622534672124
-3.9997623674738425,14.065904490781168
2.9671334791049766,5.7549126815460445
6.654059352846179,2.2564239774869868
6.969027443936929,3.7979731820487395
-4.35944818318045,13.8497059966144
-12.886443948949363,11.134930663451302
-12.638350099237199,10.995920161616088
-10.57824643624499,-10.208270414094471
6.113585939484743,3.724529685641405
-10.21889126336942,-9.794837191910114
7.009484407056766,3.3354480875969923
6.16260442494497,2.660067014434212
-13.370733684378932,10.505564754886317
6.702884795673806,2.4301477649666223
-10.73561857327902,-10.084456611720718
6.89585945860177,2.4819843056108852
3.1177776882796273,6.463147658666069
-12.421205441535164,11.19479387793108
-13.370731080904779,11.168967126656145
-4.423913038089447,14.437158575224663
2.9533839545129434,6.577847372106598
7.239713478307673,3.500144888688409
-4.150209041847912,13.403019888927481
-4.028676536462645,13.778062908854164
6.192761168974342,3.5985929368603524
7.37140354632311,2.9964135095052997
7.462964658949373,2.671308591149524
2.7920785912052475,5.765513029752009
-11.111392198469765,-9.93995706184177
3.521049167187478,6.492724418851288
7.087833121499091,3.451100017883855
-10.631325267074807,-9.363148712980527
-3.062399279111076,12.820503660901345
3.518178952559632,6.455774514817207
1.7683065909230986,6.09917522294131
-10.223891252716953,-10.296946115835846
8.246498155967084,2.989363742918342
-4.208553649391887,13.113524049814767
-10.158762179001767,-10.109204012796278
-3.7149583853047097,13.134924300369752
-9.871844176713038,-10.002578489072935
-12.593394564029488,11.263399377948387
2.9347811421426004,6.1665406920546095
-12.650942784964425,11.056142830068008
-10.244231334155115,-10.137683888680808
2.9420021317438434,6.929615543455458
7.549466846374067,2.9935137666161524
7.421831763945604,2.8673034576896033
-4.187193293613328,12.764005579954553
7.045250973406124,2.8677628577347583
2.4805980180532954,6.134716818736997
-4.4526311185576715,13.052516672339925
3.515876168844992,7.049968745655481
-3.677205971653535,13.714087882161904
-4.160056803795476,13.464060971564036
-9.803518516992586,-11.062944576432406
-9.994340197747574,-10.369752321803611
3.3442362972242887,6.057372165859548
3.222000549247357,6.227545927038876
3.549723454467092,6.805529902295157
-10.342901076166497,-10.08164397630236
-3.8755278272420512,13.878429439343531
-13.790048466491703,10.832672021070723
-3.890080510275706,12.897537601315062
-9.97032912992011,-10.123421697203046
-5.073668986623998,13.932380444485098
-13.177204644429084,10.986807383324765
-9.955626014908415,-10.29419144701027
-13.748735331723172,10.872967798249544
-13.233061599791164,11.005580218849998
2.8991850283433473,5.796581221173722
2.5815994219311995,6.404356974742167
-13.362003263597028,10.560024146143407
2.9812257430275277,6.15776647228636
2.0438004471083695,6.616132461940132
-3.422819948931644,13.366295814000758
2.9217173611103373,6.0675189358222665
3.839589481290586,6.899634560673388
-4.487838605327788,12.817697305109208
-12.918528699284382,10.741328669175205
7.2102768481543436,2.4709769035118225
2.9040523209627125,7.041500919133724
-10.448129055438576,-11.154456426852715
2.4439304567163624,6.836017028112147
-13.931054779718865,10.49947735399273
3.2940115664859326,6.5647851268563935
-13.579250750144087,11.449204437288675
-3.896124851198104,14.881513775592296
-10.815136961455059,-11.396859446715776
-4.183657355669514,13.221732869575474
-4.16804323602572,13.270550670505218
-10.217979276301254,-11.078036447412536
-9.420597523302144,-9.999742959280415
7.065326987943462,2.911397969975902
-10.22118020187617,-9.965662511119664
-3.730032332235164,12.809055099190758
-13.548332091928339,10.477906007901623
-12.860359295143104,10.358139661663431
-13.092051518846787,11.402048854052518
7.422907028107973,3.9144628461461632
2.9647260949824177,6.718614607482834
6.441195177178924,2.8645851868692938
7.543709285172056,3.0869649475617047
2.7116754361375324,6.757157742671946
-3.1303408599858145,13.167594459488095
3.1306425030849314,6.065594187476021
-10.022063615894261,-9.893456610523765
3.1828268064791065,5.866281808833773
6.9876807104865,3.506850285146572
2.1917312561857885,5.839242300633271
-13.842450052809161,9.549153266607231
7.113719138788182,2.104670329582785
-2.6972797472509926,12.545385292536235
7.582860850590968,1.9230594097070233
-11.014227020108702,-11.142863763392366
-13.756684354548161,11.13618032315779
-13.341052491847222,11.126574348492206
7.003113148078603,2.881915908215058
-13.240449900824403,10.600297757718735
-13.501916345847153,10.42547565660355
-2.8207034839738605,13.608718098713405
6.788474457301978,2.7740340929132024
-12.988113638730832,10.524947576708373
-3.451736526053048,13.835601946929625
-12.64697478719134,11.276333224982364
-10.443029477987203,-10.66115651391282
2.225884444343509,6.824547011109951
-9.993279347520195,-11.108360468406044
-3.656749562514024,12.898559802941492
-9.780100370011256,-10.339418624664274
-12.974736812138245,10.104902993670148
6.466955231174381,3.21177778367002
7.287001082519182,2.9319621904558706
-13.145149272078074,11.451579789184601
2.580584201864954,5.915294164556955
-9.498433206658719,-9.815255845242604
3.194989988854278,6.116000582818221
3.0438472061339676,5.878175863266798
-10.194748944871527,-9.531437750032183
2.8007951239062367,6.189203156729297
3.620012671089584,6.426998429980412
-4.394238411746648,13.980360165824873
2.8788458137713318,5.866099131086074
-3.659364637076748,12.541594130357598
-10.631011049939286,-10.597902949494047
2.132921485219894,5.970840434014354
6.260534467432582,3.2412391442563835
-13.855433165971608,11.207585707358128
6.6899384141874725,2.5706021632099416
-4.2702119947463375,13.678552858595122
6.955831933683844,3.699726595356111
2.8375712777743525,5.780972241632114
-4.266805125328977,12.914334885903619
-9.502725020576356,-10.893337086423264
-10.40597669886884,-10.312374866123186
-13.166980855602162,10.336868399270132
6.108127034664576,2.9319806764627887
-13.696482928332298,10.571844196228126
3.8411381970309844,6.081017099275695
-13.779896231964534,10.002106078560056
-10.429922873641736,-10.306721470416655
-14.175594321505665,11.239280036704328
-4.5675380518597395,13.613746121563638
6.96903522087485,3.1335453785919336
2.49738084630346,4.781502092134062
-9.536678772109735,-10.353039520450414
7.3776643103747235,2.394901098582289
6.34875434989618,3.316253740997292
6.070458129890014,3.7077766816556896
-10.058023042709154,-10.60701439188321
-10.859969056931035,-9.793587963247468
3.5337415113177526,5.906867229343042
-3.5981647188773436,14.009201755858665
3.402855592740015,6.5498610758878915
7.057740881890994,2.470568137103582
6.734785518602531,3.2711794920848476
-10.215249382753129,-11.341031824126066
-3.527177622292353,13.485014735969049
-9.522188255114418,-10.743645064073084
-10.50066125742847,-10.879999337226991
3.3881762608657833,6.024434148596443
7.395380606057999,2.7967427598271772
3.583930169795549,7.221351060991662
-4.058478813051232,13.946230240807997
-13.252315325032326,10.329366257072977
-10.336004273163804,-9.422885458155026
-12.940603194487966,11.192183921973806
-10.183651368129217,-10.958538677824075
-12.659205884121771,10.90601958673457
-13.879423252649659,10.638831774350102
-10.207214877446917,-9.796615238607842
2.8739233844629544,5.844164405479621
-13.307568673193993,10.883447498159574
-4.523481417556132,13.27931215586436
-3.2821083699569646,13.727819655765735
3.323266938903051,6.405075492172449
3.681947625576818,6.230743302731924
6.682993601668562,2.360815579616674
-13.235585898964462,10.911783372433812
2.879433210203393,6.632007600016035
-10.321242056272188,-10.89934673451019
-4.620363699124565,14.198365379380192
-12.973000095361378,11.799482684812325
-13.216576955680233,10.935839546652485
3.627143378078639,7.536959154890672
7.710996780390167,2.996801916120986
3.1930376075058535,6.912402556892937
3.5326058013702437,6.026367177522341
-9.45145888514428,-10.221208998182597
6.906303074364874,2.442133364701411
5.634333350145647,3.505507951872329
2.9139843027114165,6.058765127974021
-9.782624911797019,-10.83342203961945
6.564581026619497,3.195488704479096
-14.254359456239744,11.172312658171842
6.60995550034586,3.066744481278209
3.43019471257237,5.367911347262274
3.1874756220483147,6.046353050170469
6.471881627853486,3.486575424215018
-9.117732994107767,-10.348973788430712
-13.317965709257907,11.19505059520157
3.0455600806326424,6.9482876115890795
-12.903437296609722,11.463635531645348
-10.405754436697315,-9.878334421170583
-3.7811523194317473,12.93709017348772
-3.7817094541341016,14.303751020204489
-13.564192966724486,10.834049530003993
-9.794664429067236,-10.587781995694204
6.924735398612829,2.1292740591531025
-4.254550760103101,13.75248092942912
-12.800699321837392,10.583694897907884
2.9432103955009508,7.838731117803795
-12.426862027680082,10.75673624495492
-13.213288191808093,11.724049413775688
-13.40496647410003,11.609155409584924
3.8997078520388095,7.357827406977681
-10.83005719529226,-9.965986166264244
-3.6017132583349047,13.456357665113643
-4.3639446381070135,13.354178574377011
7.2669016043638655,3.3385083809347504
3.85343261698196,6.613241079417311
8.239860523476551,2.911724576048773
-10.54219204742729,-9.59347215135507
-4.123018545205344,13.414705616441562
-10.448961859637256,-10.418339314456409
-13.187048511498414,10.10106469046663
-3.7515413474496544,13.77042833792021
-3.3945631445814204,13.607113332892471
-13.659328918938883,11.80484277597009
3.128241160595635,6.742700380164935
7.04866875480878,2.2920823465560476
-13.530613859080258,11.18118637594933
-2.9707880265064497,12.902521442884062
-10.271380398256413,-10.551302034266442
-3.478351179232542,14.089212012387785
-13.265146559540515,11.2749301230486
-13.368118446746902,10.846877723303596
-10.000075675712312,-10.891666846279161
-10.813736340302363,-10.871959048521806
1.9725229027919662,5.938266340334149
-3.9598505111452047,12.789671718231427
2.565731001273966,6.785168391968881
-13.243401056269452,10.980724874925954
-3.859976916969687,13.672202863464292
-3.511302795088897,13.954306789382546
-3.8444392904121303,13.723454620704755
3.3508110865771483,6.797027254859477
-10.332217822222628,-9.733799880284238
-13.53961543428271,11.077560024846575
-13.000691581669159,10.718933953417102
7.095046667232072,2.9346354711865295
-13.76958504711862,11.91233065641515
6.778012148235225,2.9312817140505643
3.177797166936192,6.3723382532669754
-10.564160507986015,-9.798083951379384
2.4879671371886642,6.036770189904073
-13.34258394621648,10.758670348584419
-3.7742472315612,13.580092883951878
7.058860634726081,2.8875743199491266
-4.31696392158214,12.923325880257151
-3.6428152987961084,12.564789069968587
7.128619585379754,2.753816042849864
6.926778355018494,2.35424642602987
3.0552515754824903,7.089702854096742
-3.334966622978116,13.441459927315773
-13.140598679058643,10.207336550146243
1.9656132453069157,7.811051600711362
-9.721917472264483,-11.081757842305807
-3.5573307074413134,13.239566915895498
6.603395363003571,3.0129696397570465
-12.989236713168815,10.536050382352538
2.8187992400376336,5.8959668439444375
2.5332846899934762,5.903304848618939
-3.506278800974796,13.77832216775359
-9.850298883738905,-10.578186754022607
6.477356524052101,3.3027802559103177
-13.490509885888137,10.187932839614659
-10.015492531868635,-10.22685982833574
8.499258658569772,3.5195419816283864
7.942180820800347,2.977386301896962
-13.292741023983561,11.228535195161157
-10.605030281618303,-10.033872999235841
2.4162759163563026,5.945945204304918
3.9840456951727674,6.211846926974054
-9.884406921382528,-10.072323445927617
-9.804299059710983,-10.200769810400663
8.182694244150566,3.0243651168987116
-9.660743753909742,-10.22136458756772
-13.095907777861626,10.911483080098723
7.1993081672153485,3.126585578554572
-13.270005114326588,11.3941675228482
-13.137115045209733,12.286125930338255
3.5869906869397497,6.181986751904566
-12.827254890774144,10.693745653963587
-13.675165161583895,12.05785893713475
-9.990168650390489,-9.315062120530746
-13.024276643737252,10.967463632099316
-10.072425693585535,-10.189827507001967
-9.569060891409748,-9.895053518857173
-3.506272591426102,15.447794937624847
2.7064125107325516,5.3268608854531365
7.248096735870036,3.115379603182866
-12.88082082440175,11.175863565689445
3.326797253033901,6.004725505570103
-3.773053002575321,13.377099872837416
2.5066091427230863,5.708275873091768
-13.547753359856378,11.279573575458361
5.926097204322215,2.915194506154704
2.939878219793989,6.735042331721297
-12.664639557622518,11.34476102858059
-9.691562723940145,-10.767468041023672
-10.638310778852562,-10.585662867414829
-13.241489560421133,10.608575438074965
-10.394468580243167,-10.257376163178149
-12.643657138717371,10.380463863902454
6.962440104201245,2.983244822793469
-3.5041231774585397,14.287798648798775
3.074670228763515,5.5134015841489
3.1133785482949636,5.728339763418386
-13.536237527457933,10.300382883458518
-10.473329904203405,-10.21058922608195
-9.545688186061874,-9.42222555336616
-13.545746835317376,9.689763227175602
-3.7070377619535018,13.85249452955801
-13.225254427548956,9.99755109007112
-13.58213040748702,10.373314239866929
-11.569143644163692,-9.17469310361855
-13.803648017290305,10.827080148400656
-12.714543852038227,11.222633489688032
-13.039022550080842,11.580607510641228
-3.7152984520827665,13.819007705015943
6.966782900298626,2.9476919823560963
7.376779331616605,3.1893445655253165
2.502253588222824,6.456330882485189
-4.299242683609682,13.76266539991908
6.419286590542204,3.26772232938323
7.282506229134727,3.6440703046772724
7.4785882264711026,2.7047463264837246
3.290404277125721,6.331968224851164
-3.7346920753561257,12.949944043382175
2.666154563897239,5.837051115374175
-3.111057031001961,13.531931113113865
7.803389071878435,3.4005744043858233
-10.02411337138075,-9.765812599622466
-12.98246558544174,10.501112145816238
-10.351509960023401,-10.15578318476218
-13.012004159134891,11.352723266272966
2.6792469688410323,5.485320137574951
-13.65048636520799,10.319667896469168
6.941000903129729,3.5114054669193586
-12.315198481986712,11.756906137384151
2.5697737852009763,6.361361825248758
-13.6252566062489,11.603330960853276
-4.064649740693824,14.447568284551954
-10.197540429841304,-10.602203705282284
-12.511147350474255,10.849722572726773
-10.342233794904653,-10.198494665252573
-3.4703678876789907,14.616657005202475
7.735394242103414,3.0175918430575273
3.016835356974033,6.138118905245095
2.9678218687501112,6.2806032753607495
-3.7998014953692927,14.023195641243499
2.49707883942636,6.36180076593694
-9.16999172491728,-10.50158367013375
3.369737202897629,7.192118301328973
-10.991666042244043,-10.779490363156018
-3.8181765088075545,13.722285053346956
-3.352523978527531,12.911007367311974
-3.184740997829092,13.917260539278955
-13.727159331863394,10.913240595387249
-10.441519104372228,-9.83812080576974
3.352475903016642,6.492599571353594
-10.542657594002169,-10.223119393464765
-10.542532503334295,-11.264934755386685
-4.3392932232902774,13.709278201470323
-3.617260197929785,13.164253483284302
-9.716186303472726,-10.728632225407537
-9.953120748119115,-10.360522679968211
-4.102257434732105,13.82726733671792
-3.0382246306816048,14.001064605340089
3.00600335198812,6.384954371310194
-3.5829784220553087,13.198869314994925
2.9493784430038685,6.0061320450328015
6.024422293829225,2.7839977838904435
6.880814305052659,2.746313990937388
3.1337349509117347,6.816496008595722
-3.7336813296086127,14.753050248540129
-9.595951844550038,-10.221887001658132
-10.281029841196776,-10.961660502008204
-14.038764563397288,10.720758034574908
-9.055974573790094,-10.58559877637408
-14.534452202404994,11.452444328867694
6.202222723242877,3.6431916596333602
6.844350989237814,3.3078577083178073
3.090085557565146,5.523038344722682
-9.724705542264584,-10.933968297482416
6.694567680536889,2.671845405588758
-13.324500218290476,10.992628470612654
-13.313104665628366,10.533330552515661
-4.003383553501771,13.428599703965578
-10.4682225384069,-9.63231098325811
-12.711836574656882,11.289853433701644
7.7741260271277985,2.269703796803652
-9.996698696156367,-9.23853702826119
6.824880786695467,2.4703726680199445
2.095864117473391,6.299690373455074
-10.331618082857396,-9.249029210607988
-4.12144828920911,13.861228066764824
-2.6872052058233473,13.137755410853462
3.576343514765937,6.291168910616813
-10.360516375923188,-9.761516474119857
-10.999368857216863,-9.94703760690031
7.8842963018148255,3.5230370406849767
3.140048666415108,5.866192668011956
2.3302916204603465,6.200624547567018
-13.562247736033658,10.891798721755334
6.942324009093672,3.845154843728853
-12.745460372048285,11.281547847848648
-3.769919821002583,13.07280200655457
7.206477204782598,3.052172587758535
-13.229166672505462,11.250130750426422
-3.357037825894291,12.905997034080508
-9.745057936540853,-11.19002127930297
2.131880514168291,5.45010936237862
-2.702718336072809,14.037661822573059
-3.802347289286178,13.692005179705808
-10.638921660571656,-10.981709286617669
-3.6157362960468378,13.65195682838743
6.730137804572031,2.534832341178702
-13.592028004283975,11.505236716946095
2.4615872486359325,6.296457186769627
-12.87445149576167,11.598750985190211
-10.696423081160242,-10.460501928347307
7.016932078673173,3.0349054066420367
-2.8309091790067473,13.75834565275338
6.2857255432892964,3.3313865729224554
-10.336783230420295,-10.203057023645659
6.146047035400572,2.983796999241789
7.270723235450751,2.17464216596587
2.8875447178384914,5.460581929533037
6.529611571700177,2.7674767537961853
-11.09773173605678,-10.534221970396876
-3.9214310568992987,13.90091380254412
-13.029547748913213,12.067785545698598
3.313910076266883,6.094437174866785
3.16032018304355,6.476023919764081
-13.996947419341081,11.076964333137635
6.1251156137814675,3.2314346221010655
-4.227261670368168,13.491666514266585
7.019966070198103,3.2169739429404727
-5.384430104613662,13.009235371630341
-4.82574429673403,13.258551681457105
2.242855001280197,6.689696490919423
-13.34497151330172,10.607411793501635
-12.486436658670078,11.988330817327618
-3.6233005007116095,13.21007943238719
2.4366319364180233,6.701754420686366
2.9841562861541324,6.251602145353789
-3.998533627546602,13.792709214090468
-9.765349378358145,-10.840117353476685
-4.183405196190445,13.366823004371879
6.99560137295185,2.72092580252854
-4.155423080747244,13.360398434194648
-9.808155570722084,-9.100288186744283
-13.591536861775541,11.481305548016318
-10.355241416433936,-10.33877550816884
6.672987250902035,2.6863250552909017
-10.80292885829151,-10.34402006798491
-3.741010514627219,13.195629018494577
1.8519841345253443,5.737311981526396
6.633900200441073,2.983453861569305
7.053201636580692,2.5820630597344367
-4.50305742976284,13.161507088100132
-3.7258941554822624,13.18284833654143
7.0998025675020635,2.3970100022619096
-13.649940791495137,11.309424590169986
-3.3682804610576023,13.066735464900116
6.2205251314522325,3.5316315475145625
-12.657284680981803,10.656837233762358
-9.820435731797078,-11.768292079010765
-13.18315790635296,10.816741387689037
-13.479132760549772,10.542883016234606
-3.1740763742184823,13.286841366245133
7.125975260331948,2.585511257632821
7.104705682790359,3.9974549252338174
-3.5418867205060116,13.908746219012155
5.611374932871367,2.932607092652192
2.809789404466888,6.882685514748921
2.9278852328824163,5.748587570305773
-10.020740751801975,-9.96957801875847
3.6420296127090115,7.0028353598425905
-13.943442206419695,10.178503674309686
-12.612615257912644,11.321875048883035
6.181503667580201,3.262759501583918
-3.601754449881728,13.328888052089328
-10.65763693775654,-9.419694173458511
-2.691824389916463,13.838388703456491
-13.521799975828895,11.278466382625604
7.12906645808936,2.7521105689606973
-13.418831554375084,10.859867865020533
-10.820250791674361,-10.460714536356898
2.815257407032979,6.187372431918449
-3.770545046948093,12.992573727819536
3.2353153974645683,6.230079530685907
-9.786103441932328,-9.735516594691084
6.825373909064738,2.406491571540263
2.820271554193492,6.816400188479743
-10.663515959315767,-9.193946487241766
-4.178293940040162,13.241338672199001
2.801141703647067,6.342757161817785
3.4334213032672887,5.434022029663071
-12.89630095604013,10.798867797202172
3.0950527556885064,6.517920021901599
7.32065428636377,2.3952286403024834
3.23835968076052,6.121548506572094
2.7965306787608055,6.234951198442226
-4.09468966696332,13.947645859695598
-7.162002210566095,18.61357427630105
4.64602402337815,5.511434162113325
-14.38057754510716,-10.962786436060313
-17.615734952279695,15.467394733883275
0.3226072897116161,9.583398590340355
-18.85446996961807,19.3279573773422
7.964217302142416,-8.865861258973018
-13.528098808379411,-9.942693881061967
-9.484201916785189,2.7610889431537977
-5.265705348742985,-5.929883055620463
0.6773194113045236,-11.576876422697932
-9.8838303531115,-3.1337378394177122
-4.468768211410103,12.452884823562155
-12.938486216068476,2.3695015279409546
0.0351993752127413,-15.03958947726469
0.5350087703808555,-10.422051453428988
-17.385556688683454,18.54551464423632
12.363957176275221,13.317093972508925
-9.471929027260158,-13.133318185050427
3.0683037569272784,-0.38753857140859793
